211 212
64 796
1440 1445
219 343
1214 1217
234 233
1286 1288
265 269
122 124
1108 1110
766 768
1431 1443
328 329
372 374
1000 1201
1017 1307
716 717
927 1519
128 1022
799 802
1106 1112
294 1028
1439 1447
284 285
914 1207
826 825
362 806
71 157
1395 1397
282 284
480 481
345 346
1442 1444
1 946
785 787
92 93
767 769
144 148
778 777
1166 1167
412 413
896 897
952 951
1153 1157
636 637
1429 1448
301 303
746 1028
515 514
1432 1440
362 363
1313 1316
255 254
756 759
589 1180
52 53
1440 1442
1062 1065
584 583
631 783
1035 1037
1504 1509
724 726
1323 1325
1440 1447
801 802
139 146
1286 1367
1436 1447
1336 1337
277 402
216 251
1135 1138
62 64
1429 1431
85 84
350 686
742 932
34 652
214 215
127 128
30 402
20 22
1120 1515
385 391
211 210
187 189
371 759
143 147
1390 1392
695 716
34 654
1475 1474
805 1072
194 1135
55 90
155 156
535 534
53 54
1434 1442
761 892
742 1278
765 1255
1531 1530
1431 1442
931 1175
479 481
78 79
142 148
62 808
696 697
842 841
1072 1073
1465 1466
1505 1507
1146 1150
291 292
913 1201
591 1181
765 892
1433 1436
645 1442
95 96
495 496
1286 1290
496 781
194 956
191 192
308 309
127 772
1438 1442
984 986
1117 1119
1145 1561
1493 1541
316 639
78 1196
262 265
1441 1446
30 32
1293 1294
1409 1410
1021 1023
1430 1435
1146 1148
916 1000
64 797
670 669
1572 1573
522 1588
294 1278
1233 1234
220 222
51 56
265 945
979 978
266 307
1361 1362
529 528
830 834
1357 1358
106 859
1105 1110
75 76
62 362
942 943
280 282
473 1092
1435 1444
138 137
591 1180
216 222
140 145
1112 1113
1034 1033
1273 1275
53 562
828 831
390 392
96 701
1266 1267
321 320
805 1071
825 830
96 708
37 38
21 20
194 1137
261 260
1244 1245
1575 1578
1152 1160
801 804
1430 1444
1145 1396
364 365
1430 1440
281 576
149 151
1505 1508
415 1124
375 378
827 834
1315 1316
574 576
1434 1438
1061 1060
140 143
1086 1087
219 473
404 405
121 1255
146 148
1249 1248
793 794
1400 1403
807 808
609 610
507 508
280 281
772 773
38 39
244 247
827 828
1261 1262
1147 1146
48 217
72 977
498 497
931 1176
150 1342
35 37
333 335
800 801
62 1073
1336 1419
490 493
1440 1443
975 976
1098 1099
1287 1288
293 744
121 1030
1546 1547
1154 1155
1000 1514
553 554
301 317
761 775
342 692
1339 882
884 883
800 803
401 403
94 225
1087 1088
600 599
822 823
319 318
657 1130
1435 1438
437 438
456 458
96 100
214 213
915 917
914 916
416 1404
453 456
1560 1561
399 400
731 730
683 684
800 802
1064 1067
1329 1328
77 79
1436 1441
188 187
522 526
889 890
69 71
186 1414
239 1503
162 639
1324 1325
9 1532
944 945
453 452
117 937
203 317
13 14
403 405
652 655
1153 1154
10 11
1223 1224
662 794
563 564
744 1279
1434 1437
871 874
453 458
761 765
62 1016
960 962
931 1356
150 517
1153 1155
139 148
151 516
654 863
33 1529
141 145
196 198
1445 1446
1214 1215
481 1251
12 14
500 1221
387 388
807 1072
189 567
294 743
294 1466
375 1263
1106 1109
296 298
901 900
915 1201
500 501
34 133
1404 1406
409 412
280 279
385 387
481 1236
114 1162
950 949
836 837
1575 1577
522 1381
12 1048
768 769
1432 1434
150 1178
1562 1565
1306 1307
807 1071
467 469
521 520
482 1246
219 1394
132 562
645 1433
1501 1503
548 549
783 784
358 360
96 97
806 1016
62 805
1429 1436
913 1204
560 559
924 923
1060 1069
645 1432
1434 1443
1098 1097
69 758
268 307
294 1465
609 611
1279 1281
1433 1434
1246 1247
700 701
1523 1522
1241 1240
694 696
1562 1564
1553 1554
1108 1111
1154 1159
1068 1069
1106 1105
996 997
428 1362
57 58
327 894
1107 1411
1157 1158
693 698
736 737
1002 1003
346 788
771 773
1547 1548
33 1008
1244 1247
222 473
1264 1266
60 59
145 146
34 865
556 558
152 517
826 834
258 1167
1142 1489
1047 1050
244 1230
1399 1402
693 696
299 300
1502 1503
34 762
453 457
383 384
33 134
1456 1458
69 977
139 141
127 1023
746 1029
348 350
597 790
531 1535
880 881
408 413
132 561
664 666
362 1352
1202 1205
662 665
663 666
1093 1096
288 289
913 916
895 897
1210 1212
803 804
142 144
1437 1446
219 224
1430 1445
34 840
63 1562
362 807
537 541
5 6
473 472
1054 1056
191 194
1000 1204
627 628
1431 1436
496 780
78 77
1107 1112
1105 1111
913 1000
1433 1447
245 435
1312 1316
1000 1203
524 526
829 830
362 805
197 198
12 1049
1153 1159
350 353
34 1551
78 305
78 309
56 1461
118 439
376 1295
254 256
806 808
1244 1246
128 1021
454 459
63 1564
397 399
921 920
455 456
1153 1152
217 252
913 917
1439 1443
523 526
308 1040
1440 1446
423 422
958 959
121 548
540 541
306 307
126 128
94 98
119 118
443 738
132 1229
196 197
1427 1428
74 75
51 54
96 225
207 209
475 477
136 729
1405 1407
479 482
139 142
74 76
143 148
1062 1067
34 763
337 1573
1564 1566
935 938
96 1482
23 25
1534 1535
141 146
128 1023
255 1000
94 97
645 1430
1158 1159
832 833
1404 1408
1434 1436
724 723
1347 1348
294 1029
531 1533
590 591
393 396
343 344
74 73
961 962
279 284
539 690
97 100
967 968
764 892
62 1567
694 697
525 526
377 1347
770 772
1432 1443
1135 1137
54 1550
833 834
984 985
216 516
1364 1365
831 832
54 1191
724 725
398 399
633 632
1433 1444
799 801
1435 1439
743 744
478 940
357 359
1147 1150
669 671
581 580
887 886
840 1190
1437 1447
343 1397
1185 1186
1169 1168
239 1500
94 708
72 738
46 193
1153 1158
3 5
303 1417
662 792
827 830
742 744
33 133
695 717
789 790
1422 1423
636 635
147 148
1060 1067
76 1588
1430 1446
663 664
931 933
1563 1564
46 1362
1493 1494
249 248
380 381
1306 1309
1512 1513
733 732
1313 1312
1147 1149
1554 1555
697 1395
294 746
723 725
112 111
574 575
1374 1376
455 458
349 351
279 282
127 771
757 758
795 797
330 1215
1519 1520
896 899
278 402
385 390
580 582
51 58
265 944
826 830
1466 1467
648 647
371 866
1260 1262
1437 1439
1437 1444
216 1452
663 665
537 542
139 143
190 508
545 544
883 885
314 315
240 239
481 482
994 997
1475 1476
196 199
900 1318
818 817
133 134
225 516
974 976
391 392
34 131
931 1369
265 307
1439 1445
1435 1436
1483 1485
1443 1447
1199 1198
36 40
48 50
229 231
766 769
1264 1267
935 937
27 29
701 702
1400 1401
263 945
387 392
386 388
916 1201
1238 1237
48 49
33 1295
1010 1045
72 757
1491 1540
482 1244
1106 1113
3 4
33 52
490 491
1037 1038
300 1497
360 361
34 761
145 148
1061 1068
216 347
937 938
1064 1066
1002 1004
1307 1309
34 839
1 1084
78 1005
469 471
386 390
645 1431
16 18
48 218
1152 1155
117 936
1245 1247
626 627
611 612
665 666
151 517
1586 1585
9 11
332 335
94 99
294 932
1219 1218
1105 1112
1014 1013
30 327
904 903
263 267
320 323
1401 1402
259 258
1024 1025
822 821
145 147
85 86
1106 1108
1375 1376
1431 1447
516 788
457 459
516 674
423 424
655 893
830 833
54 134
78 1123
1444 1447
1060 1065
278 401
54 1529
151 301
142 143
1577 1578
415 414
522 523
700 702
652 654
82 83
460 462
302 304
1435 1445
976 1129
645 1443
573 572
375 377
265 267
1576 1578
78 370
825 827
1349 1352
216 219
1546 1548
258 1166
645 1444
416 596
1055 1054
151 331
910 909
860 862
69 72
278 595
806 1073
1054 1057
276 278
188 189
447 448
263 269
1515 1516
34 756
1253 1254
389 392
1431 1438
1437 1445
28 27
547 1239
262 264
468 471
1405 1406
84 86
1365 1366
1065 1066
1332 1333
1396 1397
981 982
1315 1468
373 374
1206 1208
1420 1422
1108 1112
12 15
1562 1563
33 561
300 973
274 275
70 71
1540 1541
1061 1064
1060 1066
1413 1414
1265 1267
1472 1471
845 847
827 829
97 310
402 405
1012 1011
1018 1305
1512 1511
105 107
95 94
1120 1517
294 1369
956 1135
425 427
468 469
1256 1257
756 757
127 1460
252 346
693 695
63 1566
143 146
349 350
1429 1437
1209 1211
896 898
141 144
655 657
470 471
121 550
516 1088
46 596
1061 1062
46 78
1566 1567
984 1091
35 40
1066 1069
1206 1207
54 132
652 657
268 908
73 76
213 215
201 200
1438 1440
1433 1439
800 804
1434 1447
62 807
151 1088
1429 1447
519 518
1261 1260
524 1322
54 1229
1429 1433
681 684
39 40
654 1130
330 1216
1430 1441
133 561
78 308
297 296
1054 1058
1007 1006
36 39
878 881
530 533
327 402
323 325
1018 1303
346 516
54 488
1533 1535
342 344
127 1021
247 1125
843 1275
55 56
1060 1062
1436 1446
1140 1139
654 774
774 775
1195 1197
654 657
897 898
1465 1467
1356 1359
826 829
1288 1290
45 610
1437 1441
1434 1445
1430 1434
228 231
245 513
1570 1571
274 273
482 1247
870 874
266 945
69 1083
294 293
806 807
45 612
1439 1446
845 844
401 402
721 1454
162 638
194 1385
118 441
416 1405
34 1191
96 99
878 877
1018 1307
452 454
1063 1065
340 341
770 773
352 353
567 651
266 267
1429 1432
337 336
78 641
21 22
216 1041
464 466
756 764
1435 1443
127 773
458 459
1504 1514
956 1136
810 809
563 566
1405 1408
561 562
774 776
173 172
1124 1125
121 764
2 5
1110 1112
1194 1193
1570 1572
280 283
1431 1446
723 726
1431 1434
1400 1402
851 852
490 492
228 230
233 235
1118 1120
462 463
617 616
660 661
653 654
150 500
330 1214
1484 1485
114 1163
1438 1445
1060 1412
756 1123
203 301
473 985
309 371
34 562
775 892
1435 1446
262 267
826 832
494 496
581 582
742 1356
1063 1067
973 972
1508 1509
386 391
306 308
56 184
1438 1446
402 404
291 290
645 1438
631 1572
606 607
744 1281
1400 1399
350 351
278 404
936 937
1437 1438
316 317
117 935
437 436
1429 1441
24 23
589 1181
327 328
806 1072
756 760
646 853
622 621
216 223
88 711
71 150
1581 1580
63 1563
452 459
136 216
278 405
716 718
873 874
45 611
965 970
742 746
139 147
472 1091
1570 1573
153 155
742 931
463 638
1201 1208
268 944
203 302
170 171
1060 1064
64 798
645 1439
508 509
1355 1354
330 1217
189 650
695 715
829 832
744 1280
265 268
1430 1447
294 1554
1152 1156
1402 1403
24 202
446 449
370 371
243 242
1107 1109
337 1572
603 602
1443 1446
33 509
403 595
286 288
966 965
277 404
53 1025
394 396
951 953
452 457
301 302
1315 1469
76 1381
1444 1445
9 1424
167 166
47 49
645 1435
281 283
1201 1202
1358 1411
190 507
635 637
830 832
482 1455
1165 1164
321 323
143 144
343 1395
78 646
33 1228
171 918
281 1343
630 631
78 1197
895 899
12 1047
913 915
820 1170
557 558
1433 1441
1243 1242
1406 1407
1437 1443
1321 1320
1201 1256
1106 1110
681 683
4 5
1433 1435
224 1041
1097 1099
33 132
1474 1476
139 145
1115 1114
826 827
216 221
348 352
516 1086
268 269
150 301
262 269
524 525
764 775
973 1004
388 390
915 1208
30 54
1065 1067
362 364
1155 1159
1434 1446
1491 1541
968 969
670 721
362 1071
1457 1456
33 51
805 1070
219 1283
362 365
860 1465
1436 1444
24 201
877 881
761 774
266 944
1432 1437
1082 1083
453 454
1430 1436
1438 1443
1061 1067
695 697
377 1348
95 97
280 284
7 10
697 1396
935 936
383 382
133 562
870 873
1308 1309
73 75
1250 1251
243 927
151 225
1429 1444
362 1349
1286 1366
1018 1306
1439 1440
1062 1064
327 1406
897 899
1066 1068
348 351
409 410
185 186
468 467
473 1091
17 16
13 12
308 1039
863 864
927 1520
631 1570
1435 1442
664 665
1060 1068
1435 1441
695 718
1500 1502
33 840
1505 1506
832 834
184 186
371 867
1471 1473
88 976
394 393
1159 1160
1432 1445
1156 1158
320 1270
758 977
1062 1068
1287 1289
36 35
861 862
377 378
1195 1196
1048 1049
1215 1217
840 1191
1515 1517
856 855
553 552
1066 1067
1429 1443
35 39
552 554
1429 1438
60 61
966 969
916 1256
1094 1093
127 770
106 105
51 1008
537 690
1106 1111
1157 1160
1312 1315
709 710
136 223
1441 1443
33 376
220 224
1153 1156
34 54
1111 1112
36 37
1154 1156
472 474
358 361
1441 1442
1203 1204
62 1564
439 440
30 131
514 516
34 1550
1043 1042
302 303
277 403
411 412
46 191
8 7
762 763
1154 1157
71 736
495 494
173 174
454 456
1153 1160
121 120
327 1189
830 831
1430 1443
1435 1437
844 847
71 149
28 29
1311 1310
452 455
913 1208
166 406
294 860
1119 1120
266 269
281 284
872 874
78 281
995 996
1500 1501
923 925
916 917
333 332
1436 1442
720 719
161 160
522 525
914 1208
320 324
327 1404
210 212
263 265
296 299
144 145
1109 1113
95 98
349 352
1350 1352
712 713
1117 1120
1142 1488
904 905
339 340
537 689
1299 1298
742 745
326 328
229 228
1564 1567
78 80
184 185
799 803
1271 1272
626 628
219 1396
828 832
1430 1448
186 1413
1431 1433
826 831
1375 1374
973 1003
715 716
658 660
55 184
1071 1073
756 763
1584 1583
151 963
62 1070
69 310
1275 1276
480 479
1232 1231
3 6
78 306
71 158
705 707
401 405
1108 1113
1430 1437
1469 1470
126 772
1436 1438
1064 1069
860 1466
1424 1425
9 10
1433 1445
1571 1573
966 967
1545 1547
889 888
743 1278
1431 1448
332 334
358 357
900 902
1472 1473
756 761
268 945
924 925
1026 1027
606 608
1147 1148
387 391
388 392
294 744
53 561
49 50
538 537
1056 1058
140 141
279 283
140 144
1406 1408
697 698
872 873
1162 1414
988 987
1564 1565
1442 1443
1060 1063
454 458
1365 1367
913 1207
694 693
967 969
126 770
1156 1157
294 742
704 706
609 612
1431 1437
408 411
1434 1435
1293 1292
266 908
914 1201
390 391
1198 1200
1062 1066
550 1030
821 823
1436 1443
46 1361
1429 1439
162 301
31 30
1107 1357
1434 1444
624 623
298 299
103 104
252 347
539 689
144 147
301 463
293 932
1128 1127
293 1278
844 846
1273 1274
879 881
697 1397
1434 1441
217 218
1118 1119
1064 1065
402 417
1110 1111
136 587
968 970
801 803
1087 1089
78 1195
55 1461
1431 1445
194 1136
33 839
305 308
219 220
109 108
994 996
219 1395
1491 1493
130 129
66 68
841 843
1117 1116
1294 1377
1438 1447
327 1405
343 1394
33 54
1148 1149
507 509
1252 1254
930 1418
653 655
501 502
1145 1560
866 867
56 934
694 695
496 1409
1563 1565
376 1263
1279 1280
965 969
219 697
473 474
1201 1205
1253 1252
1540 1542
54 839
815 814
186 1162
1017 1309
1550 1551
43 42
679 678
55 547
705 704
445 444
619 618
547 546
428 429
1401 1403
1399 1401
154 156
343 342
1435 1447
913 1202
218 252
1107 1111
1507 1508
755 754
330 331
386 392
327 326
303 499
281 1178
1064 1068
1313 1314
585 587
967 970
682 681
689 690
1109 1110
190 509
408 410
33 485
1506 1508
410 411
294 1555
81 83
1565 1566
287 288
1056 1057
416 1408
127 126
531 532
208 207
348 353
914 917
33 464
1010 1009
913 912
47 50
221 343
1556 1557
752 753
264 269
1458 1459
1453 1360
829 831
326 329
283 574
590 1180
1180 1181
1157 1159
63 1565
1421 1423
281 574
146 147
179 181
63 1567
70 72
281 1451
62 806
506 505
1018 1308
1442 1447
220 221
645 1446
243 1519
265 908
662 666
512 511
743 931
267 268
34 1190
1356 1358
795 796
850 852
523 524
1501 1502
1436 1445
337 1570
845 846
1120 1516
1431 1432
1145 1282
1265 1266
517 964
55 654
1062 1069
447 446
78 1121
426 425
916 1208
123 124
1225 1227
655 656
792 794
1204 1205
973 1002
915 1206
163 162
1211 1212
697 1145
358 359
1093 1095
1315 1470
1373 1372
564 565
62 65
1349 1351
436 438
465 466
343 1396
571 570
1569 1568
51 53
264 267
1047 1048
1585 1587
849 848
1356 1357
1016 1071
53 1024
1111 1113
186 1415
659 658
162 316
694 698
1538 1539
33 375
916 1257
244 435
1500 1503
36 38
1003 1004
1107 1110
1349 1350
764 1255
461 460
338 340
930 929
1109 1111
386 385
165 164
983 986
825 831
995 997
255 256
316 638
343 1145
279 281
912 917
488 489
293 931
54 489
597 789
1565 1567
303 1416
53 1468
1156 1160
63 64
851 850
1067 1069
248 250
1506 1509
45 44
965 967
1440 1444
842 843
1368 1369
1121 1122
522 524
516 517
1155 1156
54 840
496 1410
293 742
1116 1118
480 482
482 1046
676 1558
134 561
54 562
446 448
1000 1504
1158 1160
216 252
1210 1209
379 381
263 268
523 525
1493 1540
389 390
448 449
1202 1203
366 368
55 934
67 66
564 566
827 831
25 369
69 709
802 804
142 147
453 459
715 717
795 798
127 151
1413 1415
654 655
915 1207
993 992
1431 1435
367 368
1101 1103
402 416
1546 1545
1432 1446
293 743
395 396
1049 1050
625 628
94 96
281 1344
836 835
1061 1066
1430 1439
87 711
481 1250
305 306
294 1553
48 47
51 55
879 880
1106 1107
475 478
357 360
761 764
626 625
1149 1150
127 1022
913 1205
1 0
1155 1157
452 456
764 765
1432 1444
91 93
461 462
63 62
1430 1442
1000 999
62 1071
219 1560
1487 1486
1105 1107
249 250
103 102
1185 1184
1371 1370
1394 1396
96 700
1201 1207
455 459
140 142
415 922
283 1451
33 1551
1432 1435
532 533
502 503
150 1177
1235 1236
903 905
266 268
1488 1489
895 898
531 1534
377 1295
1107 1113
254 1000
327 1407
548 550
290 292
194 1138
1155 1158
1518 1520
329 547
662 793
78 307
34 561
409 408
673 672
218 219
281 285
403 404
307 308
725 726
1152 1158
1145 1394
34 53
645 1440
947 1271
629 631
877 880
376 378
1286 1289
1108 1109
33 489
312 311
1215 1216
1292 1294
1429 1435
52 54
141 147
771 772
1067 1068
346 347
948 947
1438 1439
136 586
283 285
337 1571
1146 1149
296 300
198 199
230 231
37 40
265 266
1307 1308
682 684
652 653
1145 1283
194 1384
870 872
434 433
293 1369
410 412
910 911
1199 1200
24 25
302 1182
176 175
1028 1029
398 397
319 421
72 709
549 550
99 708
239 241
77 80
767 766
1491 1542
860 861
676 1557
805 808
530 1533
69 1082
912 914
415 1125
51 52
942 941
756 775
590 589
54 1190
645 1447
136 135
1107 1358
121 765
523 742
281 1081
931 932
345 347
151 964
981 980
659 661
1563 1567
538 539
565 566
388 389
82 563
56 893
958 957
975 974
387 389
1152 1154
1421 1422
447 449
1214 1216
320 325
1441 1445
34 657
2 4
1207 1208
757 977
1430 1432
1395 1396
1364 1367
761 776
805 806
961 960
457 458
963 964
216 346
217 251
983 985
912 916
422 424
1116 1119
430 432
355 354
69 97
394 395
96 98
12 1050
473 984
53 133
338 341
871 872
1541 1542
1035 1038
1391 1392
78 1122
71 151
645 1437
97 708
33 488
1327 1326
30 840
985 1092
1480 1479
1437 1440
196 195
454 457
756 758
537 540
64 65
287 286
280 285
855 857
30 34
243 1518
216 218
530 1534
541 542
1026 1417
696 698
309 493
1441 1444
259 1167
323 324
25 202
645 1434
1142 1141
117 116
1110 1113
995 994
259 1166
1061 1065
314 1398
96 150
1442 1446
1433 1437
645 1445
585 586
71 709
1314 1316
264 268
367 366
321 322
1063 1068
1324 1323
314 313
896 895
1504 1508
327 416
1464 1467
1057 1058
658 661
219 222
1287 1286
1017 1306
38 40
1053 1052
1351 1352
34 1130
531 533
96 1177
1026 1416
88 991
1496 1495
1557 1558
1294 1378
915 916
697 1394
275 608
1202 1204
264 266
1431 1441
225 517
443 739
1439 1441
78 371
244 246
142 145
263 266
786 787
464 465
239 1502
871 870
1000 1205
827 832
797 798
814 816
219 1561
1556 1558
53 1469
64 795
45 46
1576 1575
631 1574
382 384
1337 1338
281 1342
24 369
746 1356
965 968
426 427
141 148
117 938
132 134
194 955
1314 1315
327 1408
203 303
751 750
308 1549
55 893
216 224
1336 1335
1145 1397
1210 1211
591 592
1429 1430
247 1124
761 763
522 527
14 15
481 1235
88 87
540 542
1265 1264
1222 1224
516 1087
469 470
62 1563
856 857
78 1172
927 1518
455 457
34 760
1018 1304
1457 1459
796 798
615 614
327 329
523 746
1416 1417
71 72
1456 1459
693 697
756 765
878 880
843 1276
1433 1442
477 478
380 379
586 587
829 833
277 276
273 275
931 1368
349 353
825 829
349 348
1107 1108
695 696
33 508
1245 1246
1432 1441
1070 1073
386 387
1429 1440
806 1071
172 174
831 834
419 418
189 651
822 824
676 1556
282 283
825 832
309 491
301 304
305 309
33 53
191 193
53 132
219 221
860 1467
78 853
843 1273
1571 1572
1116 1120
69 710
385 388
1032 1031
4 6
756 892
1366 1367
82 81
195 199
916 1202
96 702
1511 1513
654 865
1306 1308
663 662
1152 1159
590 1181
277 401
385 392
34 132
82 1498
652 893
402 894
607 608
393 395
294 931
132 1228
357 361
54 133
1404 1405
659 660
467 470
706 707
33 377
487 486
227 1074
679 680
34 655
980 982
154 155
456 457
169 171
820 819
1399 1403
154 153
877 879
134 562
828 830
871 873
843 1536
515 516
388 391
1430 1431
1438 1444
175 177
831 833
1134 1133
1154 1160
313 315
916 1206
34 134
354 356
1042 1044
645 1436
454 455
1196 1197
807 1070
328 1189
799 804
140 139
994 998
97 709
1063 1066
1062 1063
293 1368
901 902
642 712
153 156
1394 1397
294 1464
51 57
1437 1442
1377 1378
243 1520
695 698
631 784
1190 1191
1441 1447
916 1203
802 803
1433 1440
322 323
303 1026
654 893
192 193
682 683
97 98
350 352
984 983
1332 1331
3 2
973 989
517 1460
1071 1072
307 590
251 252
387 390
792 793
825 828
1155 1160
144 146
1065 1069
1022 1023
321 1270
33 34
774 1130
275 606
1432 1436
515 517
468 470
914 915
805 807
783 1574
1387 1386
46 194
1162 1413
1018 1017
443 442
245 244
328 402
1504 1506
46 192
121 549
828 829
1484 1483
337 631
1443 1445
537 539
33 1229
309 490
78 121
203 316
1079 1078
157 158
234 235
500 503
1357 1411
461 463
329 1389
1439 1442
301 316
1223 1222
428 1361
1136 1137
1280 1281
1145 1395
275 607
415 1234
218 251
362 1350
106 107
630 629
333 334
1102 1103
63 65
343 697
102 104
443 675
1442 1445
625 627
54 1228
578 577
748 747
732 734
389 391
1282 1283
78 756
13 15
846 847
476 475
829 834
756 762
277 595
821 824
301 638
351 353
517 1341
282 450
884 885
1094 1095
1000 1202
218 224
279 285
951 954
114 113
1436 1439
650 651
339 341
719 753
72 758
149 150
33 1191
997 998
283 284
1070 1072
1063 1069
514 517
826 833
1209 1212
952 954
76 522
1335 1337
264 265
1105 1108
1178 1342
327 417
44 46
1433 1446
397 400
1109 1112
1533 1534
200 202
1464 1466
1436 1440
1433 1443
62 1072
33 1550
631 1579
25 201
67 68
1061 1069
218 220
320 322
1563 1566
1364 1366
1274 1275
826 828
278 403
668 667
969 970
654 656
1464 1465
298 300
1394 1395
1105 1109
150 281
176 177
1439 1444
1429 1446
30 33
1039 1040
140 147
1152 1157
662 664
1203 1205
1431 1439
416 1406
1433 1438
823 824
484 483
1148 1150
515 674
7 11
416 1407
177 926
78 759
33 1190
719 752
262 266
642 713
916 1204
281 575
1450 1449
1553 1555
843 1274
563 565
567 650
45 609
376 377
1481 1482
482 1245
1350 1351
227 226
780 781
1516 1517
744 1278
1426 1428
663 677
239 1501
151 1460
170 169
324 325
1228 1229
72 235
1216 1217
267 269
1226 1225
59 61
1430 1433
825 833
1061 1063
631 1573
277 405
263 262
770 771
305 307
221 222
219 1145
1562 1566
1518 1519
1526 1525
956 1137
277 278
587 729
1544 1543
151 330
547 1389
1154 1158
1430 1438
516 1089
140 148
72 443
221 1145
1435 1440
271 270
94 100
195 197
807 1073
1436 1437
1432 1439
589 592
71 737
618 620
141 143
1162 1163
1444 1446
1156 1159
282 285
828 834
30 894
