1 0 0.36787944117144233
2 0 0.6065306597126334
3 0 0.36787944117144233
4 0 0.6065306597126334
5 0 0.36787944117144233
6 0 0.8464817248906141
7 0 0.8464817248906141
8 0 0.36787944117144233
9 0 0.7788007830714049
10 1 0.36787944117144233
115 1 0.36787944117144233
12 1 0.6065306597126334
84 1 0.7165313105737893
129 1 0.36787944117144233
7 1 0.6065306597126334
130 1 0.9200444146293233
131 1 0.36787944117144233
72 1 0.6065306597126334
74 1 0.36787944117144233
67 2 0.36787944117144233
151 2 0.36787944117144233
152 2 0.7788007830714049
153 2 0.8948393168143698
154 2 0.7165313105737893
155 2 0.6065306597126334
156 2 0.6065306597126334
157 2 0.7788007830714049
158 2 0.6065306597126334
12 2 0.7165313105737893
86 2 0.6065306597126334
118 2 0.6065306597126334
4 2 0.7788007830714049
159 2 0.7788007830714049
160 2 0.7788007830714049
161 2 0.8948393168143698
162 2 0.9200444146293233
163 2 0.8948393168143698
164 2 0.6065306597126334
165 2 0.8668778997501816
166 2 0.9310627797040227
167 2 0.8187307530779818
168 2 0.6065306597126334
169 2 0.6065306597126334
184 2 0.8187307530779818
185 2 0.6065306597126334
125 2 0.96491594437237
8 2 0.36787944117144233
173 2 0.36787944117144233
186 2 0.6065306597126334
175 2 0.9048374180359595
176 2 0.9310627797040227
177 2 0.6065306597126334
178 2 0.7165313105737893
179 2 0.7788007830714049
180 2 0.7788007830714049
181 2 0.8464817248906141
182 2 0.7788007830714049
183 2 0.6065306597126334
151 3 0.8187307530779818
154 3 0.6065306597126334
155 3 0.36787944117144233
12 3 0.9775290462529921
117 3 0.36787944117144233
159 3 0.9200444146293233
160 3 0.8464817248906141
161 3 0.7788007830714049
162 3 0.36787944117144233
168 3 0.6065306597126334
195 3 0.36787944117144233
125 3 0.36787944117144233
173 3 0.8824969025845955
186 3 0.942873143854875
196 3 0.8464817248906141
178 3 0.6065306597126334
179 3 0.8187307530779818
180 3 0.36787944117144233
182 3 0.36787944117144233
197 3 0.36787944117144233
189 3 0.36787944117144233
151 4 0.8187307530779818
154 4 0.6065306597126334
155 4 0.36787944117144233
2 4 0.9775290462529921
118 4 0.36787944117144233
159 4 0.9200444146293233
160 4 0.8464817248906141
161 4 0.7788007830714049
162 4 0.36787944117144233
168 4 0.6065306597126334
195 4 0.36787944117144233
172 4 0.36787944117144233
173 4 0.8824969025845955
174 4 0.942873143854875
196 4 0.8464817248906141
178 4 0.6065306597126334
179 4 0.8187307530779818
180 4 0.36787944117144233
182 4 0.36787944117144233
197 4 0.36787944117144233
189 4 0.36787944117144233
10 5 0.36787944117144233
11 5 0.36787944117144233
12 5 0.7165313105737893
3 5 0.7788007830714049
13 5 0.7788007830714049
14 5 0.7788007830714049
8 5 0.8668778997501816
27 6 0.36787944117144233
50 6 0.36787944117144233
34 6 0.6065306597126334
23 6 0.9200444146293233
35 6 0.8824969025845955
47 6 0.8187307530779818
48 6 0.8668778997501816
43 6 0.7788007830714049
46 6 0.8948393168143698
72 6 0.36787944117144233
88 6 0.36787944117144233
94 6 0.36787944117144233
25 6 0.36787944117144233
73 6 0.8464817248906141
74 6 0.9048374180359595
77 6 0.925961078642316
75 6 0.8668778997501816
1 7 0.36787944117144233
2 7 0.6065306597126334
3 7 0.7788007830714049
6 7 0.6065306597126334
59 7 0.36787944117144233
73 7 0.36787944117144233
102 8 0.6065306597126334
108 8 0.36787944117144233
235 8 0.36787944117144233
3 8 0.36787944117144233
4 8 0.6065306597126334
213 8 0.36787944117144233
5 8 0.6065306597126334
193 8 0.36787944117144233
14 8 0.36787944117144233
103 8 0.6065306597126334
214 8 0.36787944117144233
36 8 0.7165313105737893
108 9 0.6065306597126334
236 9 0.36787944117144233
4 9 0.6065306597126334
213 9 0.7788007830714049
218 9 0.36787944117144233
5 9 0.36787944117144233
7 9 0.36787944117144233
103 9 0.36787944117144233
24 9 0.7788007830714049
102 10 0.925961078642316
208 10 0.7165313105737893
138 10 0.36787944117144233
124 10 0.36787944117144233
142 10 0.36787944117144233
13 10 0.8187307530779818
14 10 0.8187307530779818
12 11 0.6065306597126334
118 11 0.36787944117144233
3 11 0.7788007830714049
13 11 0.8464817248906141
14 11 0.8948393168143698
16 12 0.36787944117144233
151 12 0.36787944117144233
152 12 0.7788007830714049
153 12 0.8948393168143698
154 12 0.7165313105737893
155 12 0.6065306597126334
156 12 0.6065306597126334
157 12 0.7788007830714049
158 12 0.6065306597126334
2 12 0.7165313105737893
84 12 0.6065306597126334
117 12 0.6065306597126334
3 12 0.7788007830714049
159 12 0.7788007830714049
160 12 0.7788007830714049
161 12 0.8948393168143698
162 12 0.9200444146293233
163 12 0.8948393168143698
164 12 0.6065306597126334
165 12 0.8668778997501816
166 12 0.9310627797040227
167 12 0.8187307530779818
168 12 0.36787944117144233
168 12 0.6065306597126334
169 12 0.6065306597126334
170 12 0.8187307530779818
171 12 0.6065306597126334
172 12 0.96491594437237
173 12 0.36787944117144233
174 12 0.6065306597126334
175 12 0.9048374180359595
176 12 0.9310627797040227
177 12 0.6065306597126334
178 12 0.7165313105737893
179 12 0.7788007830714049
180 12 0.7788007830714049
181 12 0.8464817248906141
182 12 0.7788007830714049
183 12 0.6065306597126334
6 13 0.36787944117144233
34 13 0.6065306597126334
209 13 0.7165313105737893
23 13 0.9048374180359595
35 13 0.8464817248906141
47 13 0.8464817248906141
48 13 0.8187307530779818
43 13 0.8668778997501816
46 13 0.9048374180359595
88 13 0.36787944117144233
73 13 0.8948393168143698
74 13 0.8824969025845955
77 13 0.7165313105737893
75 13 0.9200444146293233
114 14 0.36787944117144233
11 14 0.36787944117144233
12 14 0.36787944117144233
86 14 0.36787944117144233
118 14 0.36787944117144233
3 14 0.6065306597126334
4 14 0.8187307530779818
13 14 0.7165313105737893
75 14 0.6065306597126334
16 15 0.36787944117144233
4 15 0.7165313105737893
17 15 0.6065306597126334
18 15 0.7788007830714049
19 15 0.8187307530779818
20 15 0.8464817248906141
21 15 0.7788007830714049
22 15 0.36787944117144233
23 15 0.7165313105737893
24 15 0.36787944117144233
25 15 0.6065306597126334
26 15 0.6065306597126334
113 16 0.8187307530779818
1 16 0.8464817248906141
114 16 0.36787944117144233
92 16 0.36787944117144233
115 16 0.7165313105737893
116 16 0.6065306597126334
12 16 0.6065306597126334
2 16 0.7788007830714049
84 16 0.36787944117144233
117 16 0.36787944117144233
118 16 0.7788007830714049
119 16 0.36787944117144233
98 16 0.6065306597126334
120 16 0.6065306597126334
19 16 0.36787944117144233
22 16 0.36787944117144233
73 16 0.6065306597126334
41 17 0.36787944117144233
22 17 0.8668778997501816
23 17 0.9131007162822623
53 17 0.36787944117144233
44 17 0.9048374180359595
4 18 0.9487294800164372
71 18 0.6065306597126334
15 18 0.6065306597126334
17 18 0.36787944117144233
14 18 0.8668778997501816
23 18 0.8668778997501816
35 18 0.36787944117144233
47 18 0.6065306597126334
43 18 0.36787944117144233
51 18 0.6065306597126334
72 18 0.36787944117144233
73 18 0.7165313105737893
74 18 0.7788007830714049
75 18 0.7788007830714049
76 18 0.36787944117144233
17 19 0.6065306597126334
70 19 0.36787944117144233
20 19 0.36787944117144233
59 19 0.6065306597126334
22 19 0.6065306597126334
46 19 0.7788007830714049
80 19 0.7165313105737893
12 20 0.8187307530779818
2 20 0.8464817248906141
132 20 0.36787944117144233
130 20 0.6065306597126334
209 20 0.36787944117144233
210 20 0.36787944117144233
89 20 0.6065306597126334
73 20 0.7165313105737893
74 20 0.7788007830714049
75 20 0.36787944117144233
106 21 0.36787944117144233
12 21 0.8187307530779818
2 21 0.7165313105737893
85 21 0.36787944117144233
73 21 0.6065306597126334
74 21 0.7165313105737893
77 21 0.6065306597126334
75 21 0.36787944117144233
55 22 0.6065306597126334
46 23 0.8668778997501816
44 23 0.8824969025845955
48 24 0.36787944117144233
44 24 0.8824969025845955
190 25 0.36787944117144233
22 26 0.7165313105737893
51 26 0.36787944117144233
49 26 0.36787944117144233
64 26 0.6065306597126334
44 26 0.8948393168143698
28 27 0.36787944117144233
3 27 0.7788007830714049
29 27 0.6065306597126334
30 27 0.36787944117144233
31 27 0.8187307530779818
32 27 0.7165313105737893
20 27 0.6065306597126334
21 27 0.7788007830714049
33 27 0.36787944117144233
34 27 0.36787944117144233
35 27 0.6065306597126334
36 27 0.6065306597126334
37 27 0.6065306597126334
38 27 0.36787944117144233
39 27 0.36787944117144233
122 28 0.9048374180359595
114 28 0.6065306597126334
50 29 0.36787944117144233
30 29 0.36787944117144233
33 29 0.8824969025845955
35 29 0.9131007162822623
44 29 0.9048374180359595
29 30 0.8187307530779818
32 30 0.6065306597126334
6 30 0.6065306597126334
59 30 0.7788007830714049
33 30 0.9310627797040227
51 30 0.7165313105737893
49 30 0.6065306597126334
64 30 0.7165313105737893
38 30 0.7165313105737893
52 30 0.36787944117144233
3 31 0.9310627797040227
4 31 0.36787944117144233
58 31 0.6065306597126334
27 31 0.8464817248906141
45 31 0.7165313105737893
29 31 0.36787944117144233
66 31 0.36787944117144233
7 31 0.9048374180359595
35 31 0.9048374180359595
47 31 0.6065306597126334
48 31 0.36787944117144233
46 31 0.7165313105737893
49 31 0.6065306597126334
73 31 0.36787944117144233
74 31 0.36787944117144233
77 31 0.7165313105737893
75 31 0.7165313105737893
29 32 0.36787944117144233
30 32 0.36787944117144233
21 32 0.36787944117144233
59 32 0.36787944117144233
33 32 0.36787944117144233
43 32 0.7165313105737893
49 32 0.36787944117144233
81 32 0.7165313105737893
68 33 0.6065306597126334
13 34 0.36787944117144233
6 34 0.36787944117144233
47 34 0.6065306597126334
43 34 0.36787944117144233
72 34 0.7165313105737893
37 34 0.7165313105737893
112 34 0.36787944117144233
74 34 0.36787944117144233
44 34 0.7788007830714049
43 35 0.9048374180359595
44 35 0.9048374180359595
49 36 0.36787944117144233
93 36 0.36787944117144233
44 36 0.8668778997501816
190 37 0.36787944117144233
50 38 0.36787944117144233
33 38 0.7788007830714049
43 38 0.36787944117144233
49 38 0.6065306597126334
64 38 0.6065306597126334
44 38 0.8948393168143698
41 40 0.36787944117144233
42 40 0.36787944117144233
22 40 0.7165313105737893
43 40 0.8464817248906141
44 40 0.7788007830714049
4 41 0.6065306597126334
40 41 0.36787944117144233
23 41 0.7165313105737893
47 41 0.36787944117144233
48 41 0.7165313105737893
43 41 0.7788007830714049
46 41 0.6065306597126334
49 41 0.36787944117144233
44 41 0.9048374180359595
84 42 0.7788007830714049
86 42 0.7165313105737893
119 42 0.6065306597126334
98 42 0.6065306597126334
218 42 0.36787944117144233
167 42 0.36787944117144233
232 42 0.36787944117144233
168 42 0.36787944117144233
137 42 0.36787944117144233
40 42 0.36787944117144233
45 42 0.36787944117144233
17 42 0.36787944117144233
29 42 0.36787944117144233
185 42 0.36787944117144233
172 42 0.36787944117144233
22 42 0.7788007830714049
33 42 0.7165313105737893
173 42 0.36787944117144233
6 43 0.36787944117144233
23 43 0.36787944117144233
35 43 0.8464817248906141
44 43 0.8668778997501816
33 45 0.8668778997501816
46 45 0.8824969025845955
44 45 0.8824969025845955
23 46 0.9048374180359595
79 46 0.36787944117144233
44 46 0.8948393168143698
31 47 0.36787944117144233
13 47 0.8187307530779818
6 47 0.7165313105737893
35 47 0.36787944117144233
48 47 0.6065306597126334
214 47 0.36787944117144233
44 47 0.9131007162822623
213 48 0.36787944117144233
13 48 0.8187307530779818
6 48 0.8668778997501816
23 48 0.36787944117144233
47 48 0.36787944117144233
44 48 0.7788007830714049
44 49 0.9310627797040227
3 50 0.36787944117144233
45 50 0.36787944117144233
23 50 0.7165313105737893
35 50 0.7788007830714049
47 50 0.7788007830714049
48 50 0.36787944117144233
43 50 0.36787944117144233
46 50 0.7788007830714049
51 50 0.6065306597126334
52 50 0.36787944117144233
44 50 0.9200444146293233
44 51 0.9131007162822623
99 52 0.7788007830714049
84 52 0.36787944117144233
86 52 0.36787944117144233
4 52 0.36787944117144233
32 52 0.36787944117144233
6 52 0.7788007830714049
21 52 0.36787944117144233
9 52 0.6065306597126334
33 52 0.7165313105737893
48 52 0.36787944117144233
37 52 0.36787944117144233
86 53 0.36787944117144233
4 53 0.8187307530779818
17 53 0.36787944117144233
13 53 0.36787944117144233
14 53 0.6065306597126334
59 53 0.36787944117144233
90 53 0.36787944117144233
23 53 0.7788007830714049
46 53 0.6065306597126334
78 53 0.36787944117144233
75 53 0.7788007830714049
11 54 0.36787944117144233
40 54 0.8668778997501816
55 54 0.6065306597126334
14 54 0.36787944117144233
22 54 0.8948393168143698
51 54 0.7788007830714049
49 54 0.7788007830714049
56 54 0.7165313105737893
21 55 0.36787944117144233
35 55 0.7788007830714049
78 55 0.7165313105737893
40 56 0.6065306597126334
22 56 0.7165313105737893
35 56 0.36787944117144233
51 56 0.36787944117144233
44 56 0.8464817248906141
58 57 0.36787944117144233
45 57 0.8668778997501816
21 57 0.36787944117144233
59 57 0.36787944117144233
33 57 0.9200444146293233
60 57 0.36787944117144233
51 57 0.7165313105737893
49 57 0.6065306597126334
61 57 0.7165313105737893
3 58 0.8187307530779818
95 58 0.36787944117144233
45 58 0.8187307530779818
50 58 0.36787944117144233
31 58 0.8464817248906141
68 58 0.8187307530779818
7 58 0.36787944117144233
20 58 0.7788007830714049
21 58 0.6065306597126334
23 58 0.36787944117144233
46 58 0.6065306597126334
87 58 0.36787944117144233
24 58 0.7788007830714049
88 58 0.36787944117144233
85 58 0.36787944117144233
61 58 0.36787944117144233
69 58 0.6065306597126334
82 58 0.36787944117144233
105 59 0.36787944117144233
102 59 0.8187307530779818
108 59 0.7788007830714049
99 59 0.36787944117144233
5 59 0.36787944117144233
71 59 0.36787944117144233
58 59 0.36787944117144233
15 59 0.36787944117144233
27 59 0.6065306597126334
66 59 0.36787944117144233
55 59 0.7165313105737893
68 59 0.7165313105737893
19 59 0.7165313105737893
32 59 0.8668778997501816
13 59 0.9200444146293233
6 59 0.8948393168143698
14 59 0.8187307530779818
7 59 0.7788007830714049
22 59 0.8187307530779818
33 59 0.8187307530779818
49 59 0.36787944117144233
64 59 0.36787944117144233
91 59 0.36787944117144233
39 59 0.36787944117144233
14 60 0.36787944117144233
7 60 0.36787944117144233
44 60 0.9048374180359595
33 61 0.7165313105737893
46 61 0.36787944117144233
60 61 0.36787944117144233
49 61 0.36787944117144233
82 61 0.36787944117144233
44 61 0.8464817248906141
63 62 0.6065306597126334
3 62 0.36787944117144233
41 62 0.36787944117144233
55 62 0.8464817248906141
19 62 0.8824969025845955
20 62 0.36787944117144233
59 62 0.8948393168143698
47 62 0.7165313105737893
48 62 0.36787944117144233
49 62 0.6065306597126334
64 62 0.6065306597126334
65 62 0.6065306597126334
101 63 0.36787944117144233
12 63 0.6065306597126334
2 63 0.7165313105737893
3 63 0.36787944117144233
225 63 0.36787944117144233
71 63 0.36787944117144233
129 63 0.6065306597126334
41 63 0.36787944117144233
62 63 0.6065306597126334
18 63 0.6065306597126334
13 63 0.36787944117144233
215 63 0.36787944117144233
8 63 0.8187307530779818
9 63 0.8464817248906141
59 63 0.6065306597126334
34 63 0.36787944117144233
209 63 0.36787944117144233
47 63 0.6065306597126334
93 63 0.7165313105737893
24 63 0.36787944117144233
94 63 0.36787944117144233
81 63 0.36787944117144233
85 63 0.36787944117144233
83 63 0.36787944117144233
74 64 0.36787944117144233
44 64 0.8187307530779818
11 65 0.8668778997501816
84 65 0.6065306597126334
3 65 0.7165313105737893
98 65 0.6065306597126334
13 65 0.8824969025845955
20 65 0.36787944117144233
8 65 0.6065306597126334
67 66 0.6065306597126334
50 66 0.36787944117144233
31 66 0.6065306597126334
68 66 0.36787944117144233
32 66 0.8668778997501816
59 66 0.8187307530779818
47 66 0.36787944117144233
51 66 0.6065306597126334
64 66 0.36787944117144233
38 66 0.36787944117144233
69 66 0.36787944117144233
106 67 0.36787944117144233
63 67 0.6065306597126334
12 67 0.8187307530779818
2 67 0.36787944117144233
118 67 0.36787944117144233
4 67 0.36787944117144233
98 67 0.36787944117144233
218 67 0.36787944117144233
58 67 0.36787944117144233
129 67 0.36787944117144233
224 67 0.6065306597126334
31 67 0.6065306597126334
8 67 0.8668778997501816
9 67 0.7788007830714049
59 67 0.36787944117144233
48 67 0.6065306597126334
87 67 0.6065306597126334
212 67 0.36787944117144233
20 68 0.36787944117144233
21 68 0.36787944117144233
23 68 0.7165313105737893
36 68 0.36787944117144233
79 68 0.6065306597126334
86 69 0.36787944117144233
58 69 0.36787944117144233
50 69 0.7165313105737893
66 69 0.36787944117144233
21 69 0.36787944117144233
47 69 0.36787944117144233
48 69 0.36787944117144233
87 69 0.36787944117144233
88 69 0.36787944117144233
37 69 0.36787944117144233
89 69 0.36787944117144233
52 69 0.8668778997501816
5 70 0.36787944117144233
17 70 0.8464817248906141
19 70 0.36787944117144233
13 70 0.36787944117144233
59 70 0.6065306597126334
22 70 0.9131007162822623
51 70 0.6065306597126334
49 70 0.8187307530779818
64 70 0.36787944117144233
26 70 0.7788007830714049
4 71 0.8187307530779818
40 71 0.7788007830714049
41 71 0.36787944117144233
18 71 0.6065306597126334
55 71 0.8464817248906141
14 71 0.6065306597126334
20 71 0.36787944117144233
21 71 0.7165313105737893
22 71 0.6065306597126334
90 71 0.36787944117144233
43 71 0.7165313105737893
93 71 0.7165313105737893
36 71 0.7788007830714049
94 71 0.36787944117144233
89 71 0.36787944117144233
56 71 0.6065306597126334
83 71 0.6065306597126334
76 71 0.6065306597126334
114 72 0.36787944117144233
2 72 0.7165313105737893
18 72 0.36787944117144233
132 72 0.7788007830714049
130 72 0.8187307530779818
214 72 0.36787944117144233
93 72 0.36787944117144233
13 73 0.36787944117144233
6 73 0.36787944117144233
75 73 0.36787944117144233
44 73 0.7165313105737893
13 74 0.6065306597126334
6 74 0.36787944117144233
44 74 0.7165313105737893
13 75 0.8824969025845955
6 75 0.7788007830714049
209 75 0.36787944117144233
23 75 0.6065306597126334
73 75 0.6065306597126334
44 75 0.7165313105737893
4 76 0.7165313105737893
14 76 0.36787944117144233
35 76 0.7788007830714049
43 76 0.8187307530779818
73 76 0.36787944117144233
74 76 0.6065306597126334
42 77 0.36787944117144233
13 77 0.7165313105737893
6 77 0.8668778997501816
34 77 0.36787944117144233
35 77 0.36787944117144233
74 77 0.7788007830714049
44 77 0.6065306597126334
190 78 0.36787944117144233
190 79 0.36787944117144233
190 80 0.36787944117144233
190 81 0.36787944117144233
3 82 0.6065306597126334
4 82 0.6065306597126334
7 82 0.36787944117144233
23 82 0.6065306597126334
46 82 0.7788007830714049
73 82 0.7788007830714049
74 82 0.36787944117144233
84 83 0.36787944117144233
71 83 0.36787944117144233
41 83 0.36787944117144233
21 83 0.36787944117144233
35 83 0.36787944117144233
25 83 0.36787944117144233
85 83 0.36787944117144233
65 83 0.7788007830714049
151 84 0.36787944117144233
152 84 0.6065306597126334
155 84 0.6065306597126334
156 84 0.6065306597126334
157 84 0.36787944117144233
158 84 0.6065306597126334
2 84 0.9607894391523232
86 84 0.6065306597126334
118 84 0.7165313105737893
4 84 0.7165313105737893
187 84 0.36787944117144233
163 84 0.36787944117144233
142 84 0.36787944117144233
175 84 0.36787944117144233
180 84 0.36787944117144233
188 84 0.36787944117144233
189 84 0.36787944117144233
190 84 0.8464817248906141
12 85 0.36787944117144233
60 85 0.7165313105737893
211 85 0.6065306597126334
44 85 0.8948393168143698
151 86 0.36787944117144233
152 86 0.6065306597126334
155 86 0.6065306597126334
156 86 0.6065306597126334
157 86 0.36787944117144233
158 86 0.6065306597126334
12 86 0.9607894391523232
84 86 0.6065306597126334
117 86 0.7165313105737893
3 86 0.7165313105737893
187 86 0.36787944117144233
163 86 0.36787944117144233
191 86 0.36787944117144233
175 86 0.36787944117144233
180 86 0.36787944117144233
188 86 0.36787944117144233
189 86 0.36787944117144233
190 86 0.8464817248906141
106 87 0.36787944117144233
236 87 0.36787944117144233
109 87 0.36787944117144233
2 87 0.36787944117144233
86 87 0.36787944117144233
117 87 0.36787944117144233
4 87 0.7165313105737893
119 87 0.36787944117144233
103 87 0.36787944117144233
47 87 0.7165313105737893
48 87 0.7165313105737893
43 87 0.36787944117144233
46 87 0.7788007830714049
52 87 0.36787944117144233
44 87 0.7165313105737893
190 88 0.36787944117144233
2 89 0.36787944117144233
60 89 0.7788007830714049
212 89 0.6065306597126334
44 89 0.8948393168143698
3 90 0.8824969025845955
4 90 0.8464817248906141
213 90 0.36787944117144233
218 90 0.7165313105737893
187 90 0.6065306597126334
71 90 0.36787944117144233
58 90 0.6065306597126334
15 90 0.6065306597126334
27 90 0.36787944117144233
31 90 0.36787944117144233
14 90 0.7165313105737893
7 90 0.8464817248906141
132 90 0.6065306597126334
130 90 0.7788007830714049
23 90 0.36787944117144233
47 90 0.6065306597126334
48 90 0.8187307530779818
73 90 0.36787944117144233
74 90 0.36787944117144233
77 90 0.36787944117144233
75 90 0.36787944117144233
91 90 0.36787944117144233
12 91 0.36787944117144233
3 91 0.8464817248906141
29 91 0.36787944117144233
6 91 0.36787944117144233
7 91 0.36787944117144233
23 91 0.36787944117144233
35 91 0.7788007830714049
43 91 0.7165313105737893
78 91 0.36787944117144233
79 91 0.36787944117144233
77 91 0.7165313105737893
3 92 0.6065306597126334
4 92 0.6065306597126334
48 92 0.36787944117144233
39 92 0.36787944117144233
39 92 0.6065306597126334
101 93 0.36787944117144233
114 93 0.36787944117144233
216 93 0.36787944117144233
235 93 0.36787944117144233
141 93 0.36787944117144233
12 93 0.36787944117144233
86 93 0.6065306597126334
3 93 0.6065306597126334
71 93 0.36787944117144233
47 93 0.36787944117144233
48 93 0.7165313105737893
43 93 0.7788007830714049
36 93 0.36787944117144233
25 93 0.36787944117144233
78 93 0.6065306597126334
104 93 0.6065306597126334
65 93 0.36787944117144233
44 93 0.8187307530779818
190 94 0.36787944117144233
63 95 0.36787944117144233
67 95 0.36787944117144233
240 95 0.36787944117144233
12 95 0.8187307530779818
198 95 0.36787944117144233
119 95 0.6065306597126334
142 95 0.8668778997501816
125 95 0.6065306597126334
172 95 0.6065306597126334
207 95 0.7788007830714049
204 95 0.36787944117144233
72 95 0.36787944117144233
241 95 0.36787944117144233
61 95 0.36787944117144233
97 96 0.36787944117144233
60 96 0.36787944117144233
44 96 0.36787944117144233
166 97 0.6065306597126334
227 97 0.36787944117144233
221 97 0.36787944117144233
44 97 0.9661049965255964
2 98 0.6065306597126334
84 98 0.7788007830714049
86 98 0.36787944117144233
118 98 0.7788007830714049
3 98 0.7788007830714049
202 98 0.36787944117144233
198 98 0.36787944117144233
119 98 0.36787944117144233
206 98 0.36787944117144233
191 98 0.36787944117144233
125 98 0.6065306597126334
172 98 0.7788007830714049
207 98 0.36787944117144233
145 98 0.36787944117144233
186 98 0.36787944117144233
107 99 0.36787944117144233
2 99 0.36787944117144233
4 99 0.7165313105737893
6 99 0.9048374180359595
7 99 0.9200444146293233
52 99 0.36787944117144233
101 100 0.36787944117144233
102 100 0.9131007162822623
11 100 0.7165313105737893
19 100 0.36787944117144233
13 100 0.9200444146293233
103 100 0.6065306597126334
104 100 0.6065306597126334
1 101 0.36787944117144233
114 101 0.6065306597126334
2 101 0.36787944117144233
84 101 0.7788007830714049
86 101 0.8187307530779818
3 101 0.36787944117144233
98 101 0.7788007830714049
224 101 0.36787944117144233
132 101 0.7165313105737893
22 101 0.36787944117144233
22 101 0.36787944117144233
77 101 0.6065306597126334
100 102 0.6065306597126334
113 102 0.6065306597126334
1 102 0.7788007830714049
114 102 0.8668778997501816
135 102 0.36787944117144233
136 102 0.36787944117144233
4 102 0.7788007830714049
137 102 0.36787944117144233
13 102 0.8668778997501816
59 102 0.36787944117144233
132 102 0.7165313105737893
89 102 0.7788007830714049
104 102 0.8668778997501816
102 103 0.8464817248906141
108 103 0.8187307530779818
201 103 0.36787944117144233
11 103 0.36787944117144233
5 103 0.36787944117144233
137 103 0.7165313105737893
191 103 0.36787944117144233
13 103 0.8464817248906141
6 103 0.36787944117144233
65 103 0.8187307530779818
52 103 0.6065306597126334
222 104 0.36787944117144233
64 104 0.8187307530779818
131 104 0.7165313105737893
44 104 0.7788007830714049
106 105 0.36787944117144233
107 105 0.36787944117144233
108 105 0.8824969025845955
109 105 0.36787944117144233
99 105 0.7165313105737893
110 105 0.6065306597126334
111 105 0.36787944117144233
6 105 0.9200444146293233
9 105 0.6065306597126334
103 105 0.7165313105737893
89 105 0.36787944117144233
112 105 0.6065306597126334
52 105 0.36787944117144233
84 106 0.7165313105737893
86 106 0.7788007830714049
3 106 0.36787944117144233
119 106 0.7165313105737893
130 106 0.7788007830714049
33 106 0.36787944117144233
209 106 0.36787944117144233
75 106 0.6065306597126334
105 107 0.36787944117144233
108 107 0.8464817248906141
139 107 0.36787944117144233
191 107 0.36787944117144233
6 107 0.7788007830714049
7 107 0.7788007830714049
122 108 0.36787944117144233
1 108 0.8948393168143698
114 108 0.36787944117144233
3 108 0.7788007830714049
4 108 0.36787944117144233
137 108 0.6065306597126334
6 108 0.8668778997501816
130 108 0.7788007830714049
85 108 0.8187307530779818
112 108 0.7165313105737893
106 109 0.36787944117144233
105 109 0.6065306597126334
122 109 0.8948393168143698
114 109 0.7165313105737893
2 109 0.8187307530779818
86 109 0.7165313105737893
117 109 0.8187307530779818
118 109 0.36787944117144233
4 109 0.6065306597126334
142 109 0.36787944117144233
111 109 0.36787944117144233
6 109 0.6065306597126334
87 109 0.6065306597126334
105 110 0.7788007830714049
108 110 0.7788007830714049
28 110 0.36787944117144233
86 110 0.6065306597126334
6 110 0.36787944117144233
103 110 0.6065306597126334
112 110 0.36787944117144233
105 111 0.36787944117144233
201 111 0.36787944117144233
12 111 0.36787944117144233
2 111 0.6065306597126334
84 111 0.7165313105737893
86 111 0.8668778997501816
3 111 0.36787944117144233
198 111 0.7165313105737893
187 111 0.7788007830714049
233 111 0.36787944117144233
193 111 0.6065306597126334
125 111 0.8187307530779818
172 111 0.8668778997501816
145 111 0.36787944117144233
6 111 0.6065306597126334
9 111 0.36787944117144233
130 111 0.36787944117144233
190 111 0.7165313105737893
223 112 0.7165313105737893
64 112 0.7165313105737893
72 112 0.7788007830714049
44 112 0.7788007830714049
101 113 0.36787944117144233
1 113 0.9131007162822623
149 113 0.6065306597126334
102 113 0.6065306597126334
115 113 0.6065306597126334
140 113 0.36787944117144233
141 113 0.7165313105737893
124 113 0.36787944117144233
191 113 0.36787944117144233
215 113 0.36787944117144233
2 114 0.36787944117144233
86 114 0.7165313105737893
3 114 0.36787944117144233
13 114 0.36787944117144233
14 114 0.7788007830714049
132 114 0.9310627797040227
130 114 0.36787944117144233
131 114 0.36787944117144233
73 114 0.7165313105737893
133 114 0.36787944117144233
126 115 0.7165313105737893
128 115 0.36787944117144233
113 115 0.7788007830714049
122 115 0.7165313105737893
1 115 0.36787944117144233
114 115 0.8668778997501816
10 115 0.7788007830714049
107 115 0.9200444146293233
139 115 0.36787944117144233
138 115 0.36787944117144233
124 115 0.6065306597126334
100 116 0.7165313105737893
113 116 0.8668778997501816
1 116 0.8187307530779818
141 116 0.36787944117144233
12 116 0.6065306597126334
84 116 0.8464817248906141
117 116 0.6065306597126334
118 116 0.7788007830714049
13 116 0.7788007830714049
132 116 0.36787944117144233
22 116 0.36787944117144233
103 116 0.36787944117144233
151 117 0.36787944117144233
152 117 0.6065306597126334
153 117 0.6065306597126334
156 117 0.36787944117144233
157 117 0.36787944117144233
12 117 0.9858158423524046
84 117 0.36787944117144233
118 117 0.6065306597126334
159 117 0.7165313105737893
160 117 0.6065306597126334
161 117 0.8464817248906141
162 117 0.7788007830714049
163 117 0.7165313105737893
166 117 0.36787944117144233
167 117 0.36787944117144233
192 117 0.36787944117144233
193 117 0.36787944117144233
170 117 0.7165313105737893
194 117 0.36787944117144233
125 117 0.36787944117144233
173 117 0.7165313105737893
186 117 0.8464817248906141
176 117 0.36787944117144233
178 117 0.36787944117144233
179 117 0.7165313105737893
181 117 0.36787944117144233
182 117 0.6065306597126334
151 118 0.36787944117144233
152 118 0.6065306597126334
153 118 0.6065306597126334
156 118 0.36787944117144233
157 118 0.36787944117144233
2 118 0.9858158423524046
86 118 0.36787944117144233
117 118 0.6065306597126334
159 118 0.7165313105737893
160 118 0.6065306597126334
161 118 0.8464817248906141
162 118 0.7788007830714049
163 118 0.7165313105737893
166 118 0.36787944117144233
167 118 0.36787944117144233
192 118 0.36787944117144233
193 118 0.36787944117144233
184 118 0.7165313105737893
194 118 0.36787944117144233
172 118 0.36787944117144233
173 118 0.7165313105737893
174 118 0.8464817248906141
176 118 0.36787944117144233
178 118 0.36787944117144233
179 118 0.7165313105737893
181 118 0.36787944117144233
182 118 0.6065306597126334
12 119 0.6065306597126334
84 119 0.36787944117144233
86 119 0.8187307530779818
117 119 0.7165313105737893
4 119 0.7788007830714049
199 119 0.36787944117144233
123 119 0.36787944117144233
142 119 0.36787944117144233
125 119 0.36787944117144233
172 119 0.7165313105737893
204 119 0.6065306597126334
148 119 0.36787944117144233
205 119 0.36787944117144233
90 119 0.6065306597126334
174 119 0.36787944117144233
100 120 0.8824969025845955
114 120 0.36787944117144233
102 120 0.8668778997501816
84 120 0.36787944117144233
13 120 0.7165313105737893
85 120 0.36787944117144233
122 121 0.9048374180359595
114 121 0.9131007162822623
115 121 0.36787944117144233
109 121 0.7165313105737893
2 121 0.6065306597126334
84 121 0.36787944117144233
86 121 0.6065306597126334
117 121 0.8187307530779818
118 121 0.6065306597126334
123 121 0.36787944117144233
98 121 0.6065306597126334
124 121 0.7165313105737893
31 121 0.36787944117144233
125 121 0.6065306597126334
20 121 0.36787944117144233
21 121 0.36787944117144233
106 122 0.36787944117144233
121 122 0.36787944117144233
114 122 0.9200444146293233
108 122 0.36787944117144233
115 122 0.36787944117144233
139 122 0.36787944117144233
124 122 0.36787944117144233
205 122 0.6065306597126334
121 123 0.6065306597126334
201 123 0.36787944117144233
84 123 0.36787944117144233
118 123 0.36787944117144233
202 123 0.8187307530779818
198 123 0.6065306597126334
119 123 0.36787944117144233
98 123 0.6065306597126334
203 123 0.7788007830714049
145 123 0.6065306597126334
8 123 0.36787944117144233
103 123 0.7165313105737893
89 123 0.36787944117144233
104 123 0.36787944117144233
200 123 0.36787944117144233
121 124 0.36787944117144233
122 124 0.6065306597126334
1 124 0.36787944117144233
114 124 0.7165313105737893
10 124 0.7788007830714049
107 124 0.8948393168143698
138 124 0.6065306597126334
151 125 0.36787944117144233
154 125 0.6065306597126334
12 125 0.8668778997501816
2 125 0.8948393168143698
84 125 0.7788007830714049
86 125 0.9394130628134758
117 125 0.7165313105737893
118 125 0.8464817248906141
3 125 0.6065306597126334
4 125 0.36787944117144233
119 125 0.7165313105737893
187 125 0.36787944117144233
160 125 0.36787944117144233
232 125 0.7788007830714049
168 125 0.8187307530779818
192 125 0.8668778997501816
169 125 0.7165313105737893
253 125 0.7788007830714049
137 125 0.7788007830714049
184 125 0.36787944117144233
171 125 0.36787944117144233
172 125 0.7165313105737893
42 125 0.36787944117144233
256 125 0.36787944117144233
96 125 0.8187307530779818
90 125 0.6065306597126334
78 125 0.6065306597126334
254 125 0.36787944117144233
262 125 0.36787944117144233
263 125 0.7788007830714049
264 125 0.36787944117144233
265 125 0.8187307530779818
266 125 0.7165313105737893
267 125 0.6065306597126334
127 126 0.36787944117144233
10 126 0.8668778997501816
126 127 0.8187307530779818
113 127 0.6065306597126334
1 127 0.6065306597126334
115 127 0.7165313105737893
5 127 0.7165313105737893
14 127 0.36787944117144233
96 127 0.36787944117144233
39 127 0.36787944117144233
107 128 0.9131007162822623
115 128 0.36787944117144233
63 129 0.36787944117144233
67 129 0.6065306597126334
1 129 0.36787944117144233
114 129 0.6065306597126334
12 129 0.925961078642316
2 129 0.9459594689067654
84 129 0.7788007830714049
86 129 0.8187307530779818
117 129 0.8464817248906141
118 129 0.9310627797040227
137 129 0.36787944117144233
224 129 0.36787944117144233
106 130 0.36787944117144233
1 130 0.7788007830714049
12 130 0.6065306597126334
84 130 0.6065306597126334
86 130 0.8187307530779818
119 130 0.36787944117144233
213 130 0.36787944117144233
7 130 0.36787944117144233
90 130 0.36787944117144233
47 130 0.6065306597126334
48 130 0.36787944117144233
210 130 0.6065306597126334
211 130 0.7165313105737893
212 130 0.7165313105737893
73 130 0.6065306597126334
74 130 0.7165313105737893
44 130 0.7788007830714049
1 131 0.36787944117144233
12 131 0.8187307530779818
132 131 0.7165313105737893
130 131 0.8187307530779818
93 131 0.36787944117144233
12 132 0.36787944117144233
84 132 0.6065306597126334
86 132 0.7165313105737893
14 132 0.36787944117144233
90 132 0.36787944117144233
47 132 0.36787944117144233
48 132 0.7165313105737893
210 132 0.36787944117144233
72 132 0.36787944117144233
211 132 0.7165313105737893
212 132 0.6065306597126334
74 132 0.8187307530779818
77 132 0.36787944117144233
44 132 0.7788007830714049
114 133 0.36787944117144233
219 133 0.36787944117144233
132 133 0.36787944117144233
214 133 0.6065306597126334
131 133 0.8948393168143698
72 133 0.7788007830714049
173 133 0.36787944117144233
196 133 0.7165313105737893
178 133 0.36787944117144233
179 133 0.36787944117144233
200 133 0.6065306597126334
197 133 0.36787944117144233
44 133 0.8187307530779818
128 134 0.8187307530779818
135 134 0.6065306597126334
28 134 0.36787944117144233
99 134 0.36787944117144233
0 134 0.7165313105737893
14 134 0.36787944117144233
7 134 0.6065306597126334
39 134 0.36787944117144233
105 135 0.36787944117144233
113 135 0.7788007830714049
1 135 0.8668778997501816
114 135 0.7165313105737893
10 135 0.9200444146293233
107 135 0.8464817248906141
138 135 0.7788007830714049
124 135 0.6065306597126334
6 135 0.36787944117144233
1 136 0.36787944117144233
10 136 0.6065306597126334
102 136 0.36787944117144233
135 136 0.36787944117144233
115 136 0.36787944117144233
141 136 0.6065306597126334
138 136 0.6065306597126334
124 136 0.6065306597126334
102 137 0.7165313105737893
201 137 0.7165313105737893
11 137 0.36787944117144233
99 137 0.36787944117144233
12 137 0.7165313105737893
84 137 0.36787944117144233
3 137 0.8824969025845955
4 137 0.8464817248906141
232 137 0.36787944117144233
168 137 0.7165313105737893
192 137 0.36787944117144233
169 137 0.36787944117144233
253 137 0.6065306597126334
185 137 0.6065306597126334
125 137 0.8187307530779818
42 137 0.6065306597126334
13 137 0.36787944117144233
6 137 0.6065306597126334
130 137 0.36787944117144233
103 137 0.36787944117144233
72 137 0.36787944117144233
211 137 0.36787944117144233
212 137 0.36787944117144233
89 137 0.7165313105737893
85 137 0.6065306597126334
104 137 0.7165313105737893
112 137 0.6065306597126334
177 137 0.36787944117144233
133 137 0.36787944117144233
254 137 0.6065306597126334
113 138 0.6065306597126334
122 138 0.7788007830714049
1 138 0.36787944117144233
114 138 0.36787944117144233
10 138 0.925961078642316
12 138 0.36787944117144233
13 138 0.6065306597126334
105 139 0.7165313105737893
128 139 0.8948393168143698
107 139 0.6065306597126334
108 139 0.8668778997501816
135 139 0.36787944117144233
115 139 0.6065306597126334
110 139 0.6065306597126334
205 139 0.6065306597126334
103 139 0.36787944117144233
113 140 0.8948393168143698
1 140 0.7165313105737893
127 140 0.36787944117144233
141 140 0.36787944117144233
113 141 0.9131007162822623
1 141 0.7165313105737893
149 141 0.6065306597126334
144 141 0.36787944117144233
1 142 0.36787944117144233
114 142 0.36787944117144233
102 142 0.36787944117144233
108 142 0.36787944117144233
157 142 0.36787944117144233
116 142 0.6065306597126334
117 142 0.7165313105737893
202 142 0.6065306597126334
119 142 0.36787944117144233
120 142 0.36787944117144233
95 142 0.6065306597126334
163 142 0.6065306597126334
164 142 0.36787944117144233
169 142 0.36787944117144233
191 142 0.36787944117144233
204 142 0.6065306597126334
148 142 0.36787944117144233
205 142 0.7165313105737893
130 142 0.36787944117144233
87 142 0.36787944117144233
173 142 0.36787944117144233
186 142 0.7165313105737893
181 142 0.36787944117144233
182 142 0.36787944117144233
238 142 0.7788007830714049
245 142 0.6065306597126334
244 142 0.8187307530779818
44 142 0.7165313105737893
44 142 0.9534969548334767
122 143 0.7165313105737893
135 143 0.6065306597126334
109 143 0.36787944117144233
138 143 0.36787944117144233
124 143 0.6065306597126334
141 144 0.7788007830714049
145 144 0.925961078642316
113 145 0.8464817248906141
144 145 0.36787944117144233
141 145 0.7788007830714049
187 145 0.36787944117144233
219 145 0.36787944117144233
195 145 0.36787944117144233
193 145 0.36787944117144233
191 145 0.7165313105737893
93 145 0.36787944117144233
200 145 0.36787944117144233
39 145 0.36787944117144233
147 146 0.7788007830714049
142 146 0.36787944117144233
148 146 0.925961078642316
122 147 0.9131007162822623
114 147 0.36787944117144233
150 147 0.36787944117144233
139 147 0.36787944117144233
122 148 0.8668778997501816
147 148 0.7788007830714049
199 148 0.36787944117144233
187 148 0.36787944117144233
219 148 0.36787944117144233
195 148 0.36787944117144233
193 148 0.36787944117144233
142 148 0.36787944117144233
205 148 0.36787944117144233
200 148 0.36787944117144233
39 148 0.36787944117144233
113 149 0.8187307530779818
216 149 0.36787944117144233
140 149 0.6065306597126334
141 149 0.6065306597126334
86 149 0.6065306597126334
117 149 0.36787944117144233
118 149 0.36787944117144233
4 149 0.36787944117144233
202 149 0.7788007830714049
199 149 0.36787944117144233
198 149 0.36787944117144233
123 149 0.6065306597126334
119 149 0.36787944117144233
145 149 0.36787944117144233
215 149 0.36787944117144233
104 149 0.36787944117144233
39 149 0.36787944117144233
39 149 0.36787944117144233
122 150 0.7788007830714049
28 150 0.6065306597126334
146 150 0.6065306597126334
147 150 0.6065306597126334
118 150 0.36787944117144233
202 150 0.7165313105737893
199 150 0.6065306597126334
98 150 0.36787944117144233
191 150 0.36787944117144233
142 150 0.6065306597126334
205 150 0.36787944117144233
87 150 0.6065306597126334
39 150 0.36787944117144233
159 151 0.36787944117144233
200 151 0.36787944117144233
44 151 0.36787944117144233
165 152 0.36787944117144233
249 152 0.9394130628134758
268 152 0.6065306597126334
44 152 0.9355069850316178
161 153 0.36787944117144233
166 153 0.36787944117144233
167 153 0.36787944117144233
249 153 0.6065306597126334
227 153 0.9394130628134758
44 153 0.9355069850316178
160 154 0.36787944117144233
197 154 0.36787944117144233
44 154 0.9355069850316178
161 155 0.36787944117144233
197 155 0.6065306597126334
189 155 0.9394130628134758
44 155 0.9355069850316178
189 156 0.6065306597126334
231 156 0.9394130628134758
44 156 0.9355069850316178
162 157 0.36787944117144233
231 157 0.6065306597126334
234 157 0.9394130628134758
44 157 0.9355069850316178
163 158 0.36787944117144233
234 158 0.6065306597126334
269 158 0.9394130628134758
44 158 0.9355069850316178
200 159 0.36787944117144233
197 159 0.36787944117144233
44 159 0.9048374180359595
219 160 0.36787944117144233
200 160 0.36787944117144233
197 160 0.9574533680683809
189 160 0.8464817248906141
44 160 0.9661049965255964
162 161 0.36787944117144233
233 161 0.36787944117144233
189 161 0.9574533680683809
231 161 0.8464817248906141
44 161 0.9661049965255964
163 162 0.36787944117144233
275 162 0.36787944117144233
231 162 0.9574533680683809
234 162 0.8464817248906141
269 162 0.36787944117144233
44 162 0.9661049965255964
164 163 0.36787944117144233
276 163 0.36787944117144233
269 163 0.9574533680683809
271 163 0.36787944117144233
44 163 0.9661049965255964
165 164 0.36787944117144233
276 164 0.36787944117144233
273 164 0.9574533680683809
268 164 0.36787944117144233
44 164 0.9661049965255964
166 165 0.36787944117144233
97 165 0.36787944117144233
249 165 0.9574533680683809
227 165 0.36787944117144233
44 165 0.9661049965255964
167 166 0.36787944117144233
97 166 0.36787944117144233
227 166 0.9574533680683809
221 166 0.36787944117144233
44 166 0.9661049965255964
97 167 0.36787944117144233
227 167 0.9574533680683809
221 167 0.36787944117144233
44 167 0.9661049965255964
156 168 0.36787944117144233
233 168 0.7788007830714049
275 168 0.8948393168143698
189 168 0.36787944117144233
231 168 0.8948393168143698
234 168 0.9555630362682842
269 168 0.8668778997501816
44 168 0.9555630362682842
270 169 0.36787944117144233
272 169 0.36787944117144233
276 169 0.7788007830714049
277 169 0.8948393168143698
234 169 0.36787944117144233
269 169 0.8948393168143698
271 169 0.9555630362682842
273 169 0.8668778997501816
44 169 0.9555630362682842
12 170 0.8187307530779818
2 170 0.7788007830714049
117 170 0.7788007830714049
118 170 0.6065306597126334
119 170 0.36787944117144233
255 170 0.36787944117144233
207 170 0.36787944117144233
256 170 0.36787944117144233
213 171 0.9555630362682842
137 171 0.9837401985812029
185 171 0.36787944117144233
125 171 0.6065306597126334
217 171 0.36787944117144233
42 171 0.6065306597126334
246 171 0.36787944117144233
190 171 0.7788007830714049
201 172 0.36787944117144233
151 172 0.36787944117144233
154 172 0.6065306597126334
12 172 0.8824969025845955
2 172 0.9048374180359595
84 172 0.8948393168143698
86 172 0.8464817248906141
117 172 0.8464817248906141
118 172 0.36787944117144233
3 172 0.7165313105737893
4 172 0.36787944117144233
187 172 0.36787944117144233
160 172 0.36787944117144233
232 172 0.7788007830714049
168 172 0.8187307530779818
192 172 0.8668778997501816
169 172 0.7165313105737893
253 172 0.7788007830714049
137 172 0.7788007830714049
129 172 0.36787944117144233
170 172 0.36787944117144233
185 172 0.36787944117144233
125 172 0.36787944117144233
42 172 0.36787944117144233
220 172 0.36787944117144233
96 172 0.7788007830714049
79 172 0.36787944117144233
254 172 0.36787944117144233
262 172 0.36787944117144233
263 172 0.7788007830714049
264 172 0.36787944117144233
265 172 0.8187307530779818
266 172 0.7165313105737893
267 172 0.6065306597126334
178 173 0.36787944117144233
190 174 0.36787944117144233
277 175 0.8824969025845955
176 175 0.36787944117144233
44 175 0.9048374180359595
97 176 0.8824969025845955
177 176 0.36787944117144233
249 176 0.7165313105737893
227 176 0.6065306597126334
44 176 0.9048374180359595
153 177 0.6065306597126334
166 177 0.7165313105737893
167 177 0.8187307530779818
253 177 0.7788007830714049
97 177 0.6065306597126334
170 177 0.6065306597126334
125 177 0.6065306597126334
172 177 0.7165313105737893
176 177 0.36787944117144233
221 177 0.6065306597126334
183 177 0.9131007162822623
44 177 0.9310627797040227
219 178 0.8824969025845955
179 178 0.36787944117144233
200 178 0.36787944117144233
197 178 0.7165313105737893
44 178 0.9048374180359595
219 179 0.9459594689067654
233 179 0.9131007162822623
180 179 0.36787944117144233
197 179 0.7165313105737893
189 179 0.6065306597126334
44 179 0.9682566771439105
233 180 0.8824969025845955
181 180 0.36787944117144233
231 180 0.36787944117144233
44 180 0.9048374180359595
275 181 0.8824969025845955
182 181 0.36787944117144233
231 181 0.7165313105737893
234 181 0.6065306597126334
44 181 0.9048374180359595
275 182 0.8824969025845955
188 182 0.36787944117144233
44 182 0.9048374180359595
177 183 0.36787944117144233
44 183 0.8824969025845955
12 184 0.7165313105737893
2 184 0.8668778997501816
117 184 0.36787944117144233
118 184 0.7165313105737893
98 184 0.36787944117144233
194 184 0.36787944117144233
172 184 0.7165313105737893
42 184 0.36787944117144233
256 184 0.36787944117144233
218 185 0.9555630362682842
137 185 0.9837401985812029
171 185 0.36787944117144233
172 185 0.6065306597126334
217 185 0.36787944117144233
42 185 0.6065306597126334
246 185 0.36787944117144233
190 185 0.7788007830714049
190 186 0.36787944117144233
151 187 0.36787944117144233
4 187 0.36787944117144233
199 187 0.36787944117144233
160 187 0.36787944117144233
219 187 0.36787944117144233
97 187 0.6065306597126334
111 187 0.36787944117144233
220 187 0.36787944117144233
173 187 0.8187307530779818
174 187 0.8668778997501816
221 187 0.7165313105737893
44 187 0.8464817248906141
276 188 0.8824969025845955
279 188 0.36787944117144233
269 188 0.7165313105737893
271 188 0.6065306597126334
44 188 0.9048374180359595
155 189 0.6065306597126334
237 189 0.6065306597126334
44 189 0.9607894391523232
113 191 0.6065306597126334
102 191 0.6065306597126334
108 191 0.36787944117144233
157 191 0.36787944117144233
116 191 0.36787944117144233
109 191 0.6065306597126334
146 191 0.36787944117144233
141 191 0.36787944117144233
117 191 0.7165313105737893
202 191 0.8464817248906141
119 191 0.6065306597126334
120 191 0.6065306597126334
110 191 0.6065306597126334
163 191 0.36787944117144233
142 191 0.7165313105737893
215 191 0.7165313105737893
132 191 0.6065306597126334
173 191 0.36787944117144233
186 191 0.7165313105737893
182 191 0.36787944117144233
238 191 0.6065306597126334
244 191 0.9048374180359595
44 191 0.7165313105737893
44 191 0.9555630362682842
157 192 0.36787944117144233
158 192 0.36787944117144233
275 192 0.7788007830714049
276 192 0.8948393168143698
231 192 0.36787944117144233
234 192 0.8948393168143698
269 192 0.9555630362682842
271 192 0.8668778997501816
44 192 0.9555630362682842
1 193 0.36787944117144233
114 193 0.7165313105737893
12 193 0.8187307530779818
2 193 0.8668778997501816
84 193 0.36787944117144233
213 193 0.6065306597126334
218 193 0.36787944117144233
195 193 0.36787944117144233
14 193 0.36787944117144233
8 193 0.8187307530779818
9 193 0.8187307530779818
214 193 0.6065306597126334
210 193 0.7788007830714049
12 194 0.8668778997501816
2 194 0.8668778997501816
118 194 0.9574533680683809
226 194 0.36787944117144233
170 194 0.36787944117144233
204 194 0.36787944117144233
1 195 0.6065306597126334
114 195 0.8187307530779818
213 195 0.8668778997501816
218 195 0.8668778997501816
187 195 0.6065306597126334
166 195 0.6065306597126334
97 195 0.36787944117144233
97 195 0.7165313105737893
193 195 0.8187307530779818
250 195 0.36787944117144233
111 195 0.6065306597126334
8 195 0.6065306597126334
9 195 0.7165313105737893
59 195 0.36787944117144233
64 195 0.36787944117144233
214 195 0.6065306597126334
210 195 0.7788007830714049
85 195 0.36787944117144233
44 195 0.8187307530779818
190 195 0.8187307530779818
219 196 0.8824969025845955
178 196 0.36787944117144233
133 196 0.36787944117144233
200 196 0.7165313105737893
44 196 0.9048374180359595
155 197 0.6065306597126334
237 197 0.6065306597126334
44 197 0.8824969025845955
105 198 0.7165313105737893
86 198 0.6065306597126334
117 198 0.36787944117144233
199 198 0.8187307530779818
123 198 0.6065306597126334
119 198 0.7788007830714049
98 198 0.36787944117144233
110 198 0.36787944117144233
111 198 0.36787944117144233
148 198 0.6065306597126334
130 198 0.36787944117144233
103 198 0.7165313105737893
85 198 0.6065306597126334
112 198 0.6065306597126334
200 198 0.36787944117144233
84 199 0.36787944117144233
86 199 0.8824969025845955
202 199 0.7788007830714049
226 199 0.6065306597126334
123 199 0.8187307530779818
119 199 0.7788007830714049
187 199 0.36787944117144233
142 199 0.6065306597126334
185 199 0.36787944117144233
145 199 0.36787944117144233
227 199 0.36787944117144233
44 199 0.6065306597126334
219 200 0.36787944117144233
196 200 0.6065306597126334
44 200 0.8824969025845955
12 201 0.8187307530779818
2 201 0.7165313105737893
84 201 0.7788007830714049
86 201 0.8187307530779818
117 201 0.36787944117144233
118 201 0.36787944117144233
119 201 0.36787944117144233
0 201 0.6065306597126334
5 201 0.6065306597126334
137 201 0.36787944117144233
125 201 0.36787944117144233
172 201 0.6065306597126334
203 201 0.36787944117144233
13 201 0.7165313105737893
6 201 0.6065306597126334
65 201 0.36787944117144233
84 202 0.8187307530779818
199 202 0.8187307530779818
226 202 0.6065306597126334
123 202 0.8464817248906141
98 202 0.7788007830714049
187 202 0.36787944117144233
191 202 0.36787944117144233
171 202 0.36787944117144233
145 202 0.6065306597126334
133 202 0.36787944117144233
227 202 0.36787944117144233
44 202 0.6065306597126334
101 203 0.36787944117144233
201 203 0.36787944117144233
12 203 0.6065306597126334
2 203 0.6065306597126334
84 203 0.8187307530779818
86 203 0.8464817248906141
118 203 0.6065306597126334
4 203 0.36787944117144233
123 203 0.6065306597126334
187 203 0.7788007830714049
233 203 0.36787944117144233
193 203 0.6065306597126334
172 203 0.7788007830714049
148 203 0.36787944117144233
8 203 0.6065306597126334
190 203 0.7165313105737893
2 204 0.8464817248906141
86 204 0.7165313105737893
118 204 0.8464817248906141
4 204 0.7165313105737893
199 204 0.36787944117144233
226 204 0.36787944117144233
119 204 0.6065306597126334
98 204 0.8668778997501816
187 204 0.7788007830714049
225 204 0.6065306597126334
95 204 0.7165313105737893
219 204 0.6065306597126334
233 204 0.36787944117144233
194 204 0.7165313105737893
172 204 0.6065306597126334
207 204 0.8187307530779818
252 204 0.6065306597126334
220 204 0.7165313105737893
205 204 0.36787944117144233
238 204 0.6065306597126334
245 204 0.36787944117144233
221 204 0.36787944117144233
189 204 0.6065306597126334
231 204 0.7788007830714049
44 204 0.8668778997501816
190 204 0.6065306597126334
109 205 0.6065306597126334
84 205 0.36787944117144233
86 205 0.9394130628134758
202 205 0.36787944117144233
198 205 0.36787944117144233
119 205 0.36787944117144233
98 205 0.6065306597126334
142 205 0.36787944117144233
125 205 0.36787944117144233
172 205 0.36787944117144233
111 205 0.7788007830714049
130 205 0.7788007830714049
33 205 0.36787944117144233
67 206 0.7165313105737893
84 206 0.8464817248906141
86 206 0.8187307530779818
98 206 0.36787944117144233
225 206 0.7165313105737893
95 206 0.7788007830714049
159 206 0.36787944117144233
159 206 0.36787944117144233
125 206 0.7788007830714049
172 206 0.8464817248906141
42 206 0.7165313105737893
96 206 0.36787944117144233
78 206 0.36787944117144233
2 207 0.8464817248906141
86 207 0.7165313105737893
118 207 0.8464817248906141
4 207 0.7165313105737893
199 207 0.36787944117144233
226 207 0.36787944117144233
119 207 0.7165313105737893
98 207 0.8668778997501816
187 207 0.7788007830714049
95 207 0.7165313105737893
219 207 0.6065306597126334
233 207 0.36787944117144233
194 207 0.7165313105737893
172 207 0.6065306597126334
204 207 0.7788007830714049
252 207 0.6065306597126334
256 207 0.7165313105737893
205 207 0.36787944117144233
238 207 0.6065306597126334
245 207 0.36787944117144233
221 207 0.36787944117144233
189 207 0.6065306597126334
231 207 0.7788007830714049
44 207 0.8668778997501816
190 207 0.6065306597126334
101 208 0.36787944117144233
126 208 0.8187307530779818
10 208 0.36787944117144233
102 208 0.9048374180359595
135 208 0.7788007830714049
140 208 0.36787944117144233
120 208 0.36787944117144233
13 209 0.6065306597126334
6 209 0.6065306597126334
23 209 0.36787944117144233
48 209 0.36787944117144233
46 209 0.36787944117144233
64 209 0.36787944117144233
131 209 0.6065306597126334
25 209 0.6065306597126334
73 209 0.6065306597126334
75 209 0.6065306597126334
44 209 0.8187307530779818
114 210 0.36787944117144233
213 210 0.36787944117144233
218 210 0.7165313105737893
48 210 0.6065306597126334
44 210 0.7788007830714049
12 211 0.9355069850316178
31 211 0.36787944117144233
132 211 0.6065306597126334
130 211 0.8948393168143698
210 211 0.6065306597126334
74 211 0.8464817248906141
2 212 0.9131007162822623
132 212 0.7788007830714049
130 212 0.36787944117144233
73 212 0.8464817248906141
84 213 0.36787944117144233
3 213 0.6065306597126334
4 213 0.36787944117144233
206 213 0.36787944117144233
137 213 0.36787944117144233
185 213 0.7788007830714049
217 213 0.36787944117144233
148 213 0.36787944117144233
132 213 0.6065306597126334
130 213 0.36787944117144233
72 213 0.36787944117144233
37 213 0.36787944117144233
190 213 0.8187307530779818
1 214 0.36787944117144233
213 214 0.36787944117144233
218 214 0.7788007830714049
47 214 0.8187307530779818
48 214 0.36787944117144233
87 214 0.36787944117144233
44 214 0.8187307530779818
216 215 0.6065306597126334
84 215 0.9048374180359595
86 215 0.36787944117144233
123 215 0.36787944117144233
98 215 0.6065306597126334
203 215 0.7165313105737893
132 215 0.6065306597126334
130 215 0.36787944117144233
118 216 0.36787944117144233
3 216 0.36787944117144233
225 216 0.8187307530779818
71 216 0.7165313105737893
15 216 0.36787944117144233
125 216 0.7788007830714049
172 216 0.6065306597126334
35 216 0.36787944117144233
93 216 0.36787944117144233
239 216 0.36787944117144233
213 217 0.9131007162822623
206 217 0.36787944117144233
137 217 0.7165313105737893
171 217 0.9048374180359595
125 217 0.6065306597126334
42 217 0.6065306597126334
190 217 0.36787944117144233
137 218 0.36787944117144233
171 218 0.7788007830714049
217 218 0.36787944117144233
203 218 0.36787944117144233
145 218 0.36787944117144233
132 218 0.7165313105737893
130 218 0.7165313105737893
131 218 0.36787944117144233
85 218 0.36787944117144233
73 218 0.36787944117144233
74 218 0.6065306597126334
75 218 0.36787944117144233
190 218 0.8187307530779818
159 219 0.6065306597126334
200 219 0.36787944117144233
197 219 0.36787944117144233
44 219 0.9661049965255964
2 220 0.36787944117144233
118 220 0.36787944117144233
119 220 0.36787944117144233
172 220 0.36787944117144233
252 220 0.7165313105737893
256 220 0.36787944117144233
177 220 0.36787944117144233
177 221 0.36787944117144233
44 221 0.8824969025845955
72 222 0.7165313105737893
112 222 0.8187307530779818
131 223 0.8187307530779818
104 223 0.8464817248906141
67 224 0.6065306597126334
114 224 0.36787944117144233
12 224 0.9048374180359595
2 224 0.7788007830714049
84 224 0.7788007830714049
86 224 0.6065306597126334
117 224 0.9048374180359595
118 224 0.6065306597126334
3 224 0.7165313105737893
4 224 0.6065306597126334
137 224 0.36787944117144233
129 224 0.36787944117144233
125 224 0.6065306597126334
133 224 0.36787944117144233
190 224 0.7165313105737893
63 225 0.7788007830714049
2 225 0.6065306597126334
198 225 0.36787944117144233
98 225 0.36787944117144233
191 225 0.7788007830714049
125 225 0.6065306597126334
207 225 0.36787944117144233
204 225 0.6065306597126334
131 225 0.6065306597126334
56 225 0.36787944117144233
39 225 0.36787944117144233
12 226 0.7165313105737893
2 226 0.36787944117144233
84 226 0.7788007830714049
117 226 0.36787944117144233
118 226 0.36787944117144233
4 226 0.36787944117144233
202 226 0.36787944117144233
98 226 0.36787944117144233
166 226 0.36787944117144233
166 226 0.36787944117144233
195 226 0.36787944117144233
228 226 0.6065306597126334
229 226 0.36787944117144233
125 226 0.36787944117144233
172 226 0.36787944117144233
207 226 0.6065306597126334
204 226 0.6065306597126334
203 226 0.36787944117144233
111 226 0.36787944117144233
145 226 0.36787944117144233
148 226 0.36787944117144233
176 226 0.36787944117144233
176 226 0.36787944117144233
190 226 0.36787944117144233
190 226 0.36787944117144233
44 227 0.8824969025845955
118 228 0.36787944117144233
202 228 0.7165313105737893
226 228 0.8187307530779818
198 228 0.36787944117144233
123 228 0.36787944117144233
166 228 0.36787944117144233
137 228 0.6065306597126334
229 228 0.8187307530779818
255 228 0.8187307530779818
257 228 0.7788007830714049
145 228 0.6065306597126334
226 229 0.7165313105737893
123 229 0.36787944117144233
137 229 0.6065306597126334
228 229 0.8464817248906141
255 229 0.36787944117144233
257 229 0.8187307530779818
145 229 0.6065306597126334
151 230 0.36787944117144233
154 230 0.36787944117144233
219 230 0.7788007830714049
200 230 0.36787944117144233
197 230 0.8948393168143698
189 230 0.9555630362682842
231 230 0.8668778997501816
44 230 0.9555630362682842
44 231 0.9607894391523232
155 232 0.36787944117144233
219 232 0.36787944117144233
233 232 0.7788007830714049
197 232 0.36787944117144233
189 232 0.8948393168143698
231 232 0.9555630362682842
234 232 0.8668778997501816
44 232 0.9555630362682842
161 233 0.6065306597126334
189 233 0.36787944117144233
231 233 0.36787944117144233
44 233 0.9661049965255964
44 234 0.9607894391523232
211 235 0.7165313105737893
85 235 0.6065306597126334
77 235 0.36787944117144233
36 236 0.36787944117144233
212 236 0.7165313105737893
89 236 0.36787944117144233
74 236 0.36787944117144233
77 236 0.36787944117144233
219 237 0.9487294800164372
233 237 0.36787944117144233
178 237 0.36787944117144233
238 237 0.36787944117144233
197 237 0.8464817248906141
189 237 0.7788007830714049
44 237 0.9574533680683809
233 238 0.7788007830714049
142 238 0.36787944117144233
200 238 0.36787944117144233
231 238 0.6065306597126334
44 238 0.6065306597126334
44 238 0.8824969025845955
114 239 0.36787944117144233
216 239 0.36787944117144233
12 239 0.6065306597126334
2 239 0.7165313105737893
3 239 0.36787944117144233
129 239 0.36787944117144233
21 239 0.36787944117144233
90 239 0.6065306597126334
214 239 0.36787944117144233
95 240 0.8187307530779818
58 240 0.36787944117144233
27 240 0.36787944117144233
172 240 0.6065306597126334
23 240 0.36787944117144233
88 240 0.36787944117144233
16 241 0.36787944117144233
1 241 0.6065306597126334
12 241 0.6065306597126334
84 241 0.8187307530779818
86 241 0.7788007830714049
137 241 0.7165313105737893
24 241 0.6065306597126334
36 241 0.36787944117144233
190 242 0.36787944117144233
190 243 0.36787944117144233
202 244 0.36787944117144233
199 244 0.36787944117144233
195 244 0.36787944117144233
193 244 0.6065306597126334
245 244 0.36787944117144233
283 244 0.36787944117144233
44 244 0.9048374180359595
187 245 0.36787944117144233
219 245 0.6065306597126334
233 245 0.7788007830714049
275 245 0.7788007830714049
276 245 0.9048374180359595
142 245 0.36787944117144233
148 245 0.7165313105737893
252 245 0.36787944117144233
282 245 0.6065306597126334
238 245 0.36787944117144233
283 245 0.36787944117144233
200 245 0.36787944117144233
197 245 0.36787944117144233
189 245 0.36787944117144233
231 245 0.6065306597126334
234 245 0.7788007830714049
269 245 0.7165313105737893
271 245 0.8187307530779818
44 245 0.8824969025845955
277 246 0.8824969025845955
175 246 0.36787944117144233
273 246 0.7165313105737893
268 246 0.6065306597126334
44 246 0.9672161004820059
12 247 0.9636404443012863
137 247 0.7165313105737893
172 247 0.96491594437237
248 247 0.36787944117144233
190 247 0.36787944117144233
2 248 0.9636404443012863
137 248 0.7165313105737893
125 248 0.96491594437237
247 248 0.36787944117144233
190 248 0.36787944117144233
44 249 0.8824969025845955
167 250 0.36787944117144233
97 250 0.36787944117144233
204 250 0.36787944117144233
44 250 0.36787944117144233
97 251 0.36787944117144233
44 251 0.36787944117144233
190 252 0.36787944117144233
152 253 0.36787944117144233
153 253 0.36787944117144233
97 253 0.7788007830714049
249 253 0.9555630362682842
227 253 0.8668778997501816
273 253 0.36787944117144233
268 253 0.8948393168143698
44 253 0.9555630362682842
97 254 0.9355069850316178
177 254 0.36787944117144233
44 254 0.9459594689067654
12 255 0.8948393168143698
2 255 0.8464817248906141
117 255 0.36787944117144233
257 255 0.36787944117144233
125 255 0.925961078642316
177 255 0.6065306597126334
12 256 0.36787944117144233
117 256 0.36787944117144233
98 256 0.36787944117144233
125 256 0.36787944117144233
252 256 0.7165313105737893
220 256 0.36787944117144233
177 256 0.36787944117144233
12 257 0.8668778997501816
2 257 0.8668778997501816
117 257 0.36787944117144233
118 257 0.36787944117144233
255 257 0.36787944117144233
125 257 0.8464817248906141
172 257 0.7165313105737893
177 257 0.36787944117144233
12 258 0.36787944117144233
137 258 0.8187307530779818
170 258 0.36787944117144233
125 258 0.6065306597126334
177 258 0.36787944117144233
123 259 0.36787944117144233
167 259 0.8464817248906141
137 259 0.8668778997501816
184 259 0.36787944117144233
258 259 0.36787944117144233
172 259 0.8824969025845955
177 259 0.36787944117144233
191 260 0.6065306597126334
12 261 0.8187307530779818
117 261 0.7788007830714049
137 261 0.8187307530779818
142 261 0.6065306597126334
185 261 0.8187307530779818
172 261 0.36787944117144233
233 262 0.9355069850316178
44 262 0.9459594689067654
233 263 0.8464817248906141
275 263 0.9355069850316178
44 263 0.9459594689067654
275 264 0.9355069850316178
44 264 0.9459594689067654
275 265 0.8464817248906141
276 265 0.9355069850316178
44 265 0.9459594689067654
276 266 0.9355069850316178
44 266 0.9459594689067654
276 267 0.8464817248906141
277 267 0.9355069850316178
44 267 0.9459594689067654
44 268 0.9607894391523232
44 269 0.9607894391523232
269 270 0.6065306597126334
271 270 0.9394130628134758
44 270 0.9355069850316178
44 271 0.9607894391523232
164 272 0.36787944117144233
271 272 0.6065306597126334
273 272 0.9394130628134758
44 272 0.9355069850316178
44 273 0.9607894391523232
273 274 0.6065306597126334
268 274 0.9394130628134758
44 274 0.9355069850316178
162 275 0.6065306597126334
234 275 0.36787944117144233
269 275 0.36787944117144233
44 275 0.9661049965255964
164 276 0.6065306597126334
271 276 0.36787944117144233
273 276 0.36787944117144233
44 276 0.9661049965255964
165 277 0.6065306597126334
249 277 0.36787944117144233
268 277 0.36787944117144233
44 277 0.9661049965255964
274 278 0.36787944117144233
277 278 0.7788007830714049
97 278 0.8948393168143698
269 278 0.36787944117144233
271 278 0.8948393168143698
273 278 0.9555630362682842
268 278 0.8668778997501816
44 278 0.9555630362682842
276 279 0.8824969025845955
246 279 0.36787944117144233
44 279 0.9048374180359595
277 280 0.8464817248906141
97 280 0.9355069850316178
44 280 0.9459594689067654
277 281 0.9355069850316178
44 281 0.9459594689067654
219 282 0.36787944117144233
142 282 0.36787944117144233
238 282 0.36787944117144233
200 282 0.36787944117144233
44 282 0.6065306597126334
44 282 0.6065306597126334
202 283 0.36787944117144233
199 283 0.36787944117144233
276 283 0.6065306597126334
195 283 0.6065306597126334
193 283 0.6065306597126334
244 283 0.6065306597126334
44 283 0.8824969025845955
187 284 0.36787944117144233
233 284 0.36787944117144233
275 284 0.36787944117144233
276 284 0.36787944117144233
277 284 0.36787944117144233
142 284 0.36787944117144233
145 284 0.36787944117144233
244 284 0.36787944117144233
249 284 0.36787944117144233
227 284 0.36787944117144233
221 284 0.36787944117144233
183 284 0.36787944117144233
271 284 0.36787944117144233
273 284 0.36787944117144233
268 284 0.36787944117144233
44 284 0.36787944117144233
44 284 0.9048374180359595
44 285 0.36787944117144233
44 286 0.36787944117144233
44 287 0.36787944117144233
44 288 0.36787944117144233
44 289 0.36787944117144233
44 290 0.36787944117144233
44 291 0.36787944117144233
44 292 0.36787944117144233
44 293 0.36787944117144233
44 294 0.36787944117144233
190 295 0.36787944117144233
190 296 0.36787944117144233
