1 0 0.36787944117144233
2 0 0.8824969025845955
3 0 0.9048374180359595
3 2 0.8464817248906141
4 0 0.36787944117144233
5 0 0.36787944117144233
6 0 0.36787944117144233
7 0 0.36787944117144233
8 0 0.6065306597126334
9 0 0.36787944117144233
11 10 0.36787944117144233
11 3 0.7165313105737893
11 2 0.7165313105737893
11 0 0.8187307530779818
12 11 0.36787944117144233
13 11 0.36787944117144233
14 11 0.36787944117144233
15 11 0.36787944117144233
17 16 0.7788007830714049
18 16 0.7788007830714049
18 17 0.7788007830714049
19 16 0.7788007830714049
19 17 0.7788007830714049
19 18 0.7788007830714049
20 16 0.7165313105737893
20 17 0.7165313105737893
20 18 0.7165313105737893
20 19 0.7788007830714049
21 16 0.7165313105737893
21 17 0.7165313105737893
21 18 0.7165313105737893
21 19 0.7165313105737893
21 20 0.8187307530779818
22 16 0.7165313105737893
22 17 0.7165313105737893
22 18 0.7165313105737893
22 19 0.7165313105737893
22 20 0.7788007830714049
22 21 0.7788007830714049
23 16 0.7165313105737893
23 17 0.7165313105737893
23 18 0.7165313105737893
23 19 0.7165313105737893
23 20 0.7788007830714049
23 21 0.7788007830714049
23 22 0.7788007830714049
23 12 0.6065306597126334
23 11 0.8948393168143698
24 23 0.6065306597126334
24 11 0.8668778997501816
25 24 0.925961078642316
25 23 0.36787944117144233
25 11 0.9200444146293233
26 24 0.7788007830714049
26 11 0.9682566771439105
26 16 0.36787944117144233
26 25 0.36787944117144233
27 11 0.942873143854875
27 23 0.8187307530779818
27 25 0.8187307530779818
27 24 0.36787944117144233
27 26 0.36787944117144233
28 11 0.8824969025845955
28 27 0.36787944117144233
29 23 0.36787944117144233
29 27 0.36787944117144233
29 11 0.6065306597126334
30 23 0.36787944117144233
31 30 0.6065306597126334
31 11 0.7165313105737893
31 23 0.6065306597126334
31 27 0.36787944117144233
32 11 0.36787944117144233
33 11 0.6065306597126334
33 27 0.36787944117144233
34 11 0.7165313105737893
34 29 0.6065306597126334
35 11 0.7165313105737893
35 34 0.7165313105737893
35 29 0.6065306597126334
36 34 0.6065306597126334
36 35 0.6065306597126334
36 11 0.6065306597126334
36 29 0.36787944117144233
37 34 0.6065306597126334
37 35 0.6065306597126334
37 36 0.6065306597126334
37 11 0.6065306597126334
37 29 0.36787944117144233
38 34 0.6065306597126334
38 35 0.6065306597126334
38 36 0.6065306597126334
38 37 0.6065306597126334
38 11 0.6065306597126334
38 29 0.36787944117144233
39 25 0.36787944117144233
40 25 0.36787944117144233
41 24 0.6065306597126334
41 25 0.7165313105737893
42 41 0.6065306597126334
42 25 0.6065306597126334
42 24 0.36787944117144233
43 11 0.7165313105737893
43 26 0.36787944117144233
43 27 0.36787944117144233
44 28 0.7165313105737893
44 11 0.36787944117144233
45 28 0.6065306597126334
47 46 0.36787944117144233
48 47 0.6065306597126334
48 25 0.36787944117144233
48 27 0.36787944117144233
48 11 0.36787944117144233
49 26 0.7165313105737893
49 11 0.6065306597126334
50 49 0.36787944117144233
50 24 0.36787944117144233
51 49 0.8948393168143698
51 26 0.6065306597126334
51 11 0.6065306597126334
52 51 0.36787944117144233
52 39 0.36787944117144233
53 51 0.36787944117144233
54 51 0.6065306597126334
54 49 0.36787944117144233
54 26 0.36787944117144233
55 51 0.8464817248906141
55 49 0.9200444146293233
55 39 0.36787944117144233
55 54 0.36787944117144233
55 26 0.9534969548334767
55 11 0.9487294800164372
55 16 0.36787944117144233
55 25 0.6065306597126334
55 41 0.8187307530779818
55 48 0.7788007830714049
56 49 0.36787944117144233
56 55 0.36787944117144233
57 55 0.36787944117144233
57 41 0.36787944117144233
57 48 0.36787944117144233
58 55 0.8668778997501816
58 48 0.8668778997501816
58 27 0.8464817248906141
58 57 0.36787944117144233
58 11 0.7788007830714049
59 58 0.9355069850316178
59 55 0.8187307530779818
59 48 0.8464817248906141
59 57 0.6065306597126334
60 48 0.36787944117144233
60 58 0.7788007830714049
60 59 0.6065306597126334
61 48 0.6065306597126334
61 58 0.8464817248906141
61 60 0.6065306597126334
61 59 0.8187307530779818
61 57 0.36787944117144233
61 55 0.36787944117144233
62 55 0.8948393168143698
62 58 0.942873143854875
62 59 0.925961078642316
62 48 0.8668778997501816
62 57 0.6065306597126334
62 41 0.36787944117144233
62 61 0.8464817248906141
62 60 0.7165313105737893
63 59 0.8187307530779818
63 48 0.8187307530779818
63 62 0.8464817248906141
63 57 0.6065306597126334
63 58 0.7788007830714049
63 61 0.7165313105737893
63 60 0.6065306597126334
63 55 0.36787944117144233
64 55 0.8187307530779818
64 62 0.9200444146293233
64 48 0.8187307530779818
64 63 0.7788007830714049
64 58 0.9048374180359595
64 61 0.8464817248906141
64 60 0.6065306597126334
64 59 0.8948393168143698
64 57 0.36787944117144233
64 11 0.36787944117144233
65 63 0.8187307530779818
65 64 0.8668778997501816
65 48 0.7165313105737893
65 62 0.8187307530779818
65 58 0.8187307530779818
65 61 0.8187307530779818
65 60 0.6065306597126334
65 59 0.8187307530779818
65 57 0.36787944117144233
65 55 0.6065306597126334
66 64 0.7165313105737893
66 58 0.7165313105737893
66 59 0.36787944117144233
66 62 0.6065306597126334
66 65 0.6065306597126334
66 48 0.36787944117144233
66 63 0.36787944117144233
66 61 0.36787944117144233
66 60 0.36787944117144233
67 57 0.7165313105737893
68 25 0.8187307530779818
68 11 0.36787944117144233
68 24 0.36787944117144233
68 27 0.36787944117144233
68 48 0.36787944117144233
68 41 0.36787944117144233
69 25 0.8464817248906141
69 68 0.8464817248906141
69 11 0.36787944117144233
69 24 0.36787944117144233
69 27 0.6065306597126334
69 48 0.36787944117144233
69 41 0.36787944117144233
70 25 0.7788007830714049
70 69 0.7788007830714049
70 68 0.7788007830714049
70 11 0.36787944117144233
70 24 0.36787944117144233
70 27 0.36787944117144233
70 41 0.36787944117144233
70 58 0.36787944117144233
71 27 0.36787944117144233
71 69 0.6065306597126334
71 68 0.6065306597126334
71 70 0.6065306597126334
71 11 0.36787944117144233
71 48 0.36787944117144233
71 41 0.36787944117144233
71 25 0.36787944117144233
72 26 0.6065306597126334
72 27 0.36787944117144233
72 11 0.36787944117144233
73 48 0.6065306597126334
74 48 0.6065306597126334
74 73 0.7165313105737893
75 69 0.7165313105737893
75 68 0.7165313105737893
75 25 0.7165313105737893
75 48 0.36787944117144233
75 41 0.36787944117144233
75 70 0.36787944117144233
75 71 0.36787944117144233
76 64 0.36787944117144233
76 65 0.36787944117144233
76 66 0.36787944117144233
76 63 0.36787944117144233
76 62 0.36787944117144233
76 48 0.36787944117144233
76 58 0.36787944117144233
