118 201 0.003913836239528616
118 258 0.0011314440795819885
118 182 8.29546827064027e-14
118 152 3.6326938644717625e-11
118 162 3.7629237287630177e-07
47 118 0.004209297463041561
118 144 0.0002964959947376819
118 263 0.0031186955732284655
118 301 0.0006617357726377902
118 221 1.48096183620627e-06
118 321 0.018609859742691484
118 203 0.0037244311012495156
65 118 0.0038659201394728076
118 306 0.0013535563525896948
118 297 0.00046997302945634177
118 253 0.0029856031615704175
118 183 0.0032342928962645436
118 307 0.0013184483387842386
118 169 0.0022483448052153677
118 216 4.6684923193799205e-07
118 212 2.2515286546933985e-06
118 274 0.0012953994572310007
92 118 7.799570223758752e-08
68 118 4.9149940564719066e-05
91 118 6.863883268772926e-09
118 125 6.6629306524133555e-06
118 189 3.475703280862923e-12
118 305 0.0008698268844189817
118 202 4.870574659488794e-07
118 222 1.0417742122509407e-07
80 118 1.6886248102855772e-05
118 273 4.585574854053304e-05
118 250 0.002350167292332651
118 126 8.063647617608365e-52
118 204 5.777748519419133e-08
118 127 3.268972227930201e-21
118 186 6.016035121420662e-10
118 148 9.57196644563425e-29
118 129 6.777106198176576e-07
76 118 3.555369923387698e-06
78 118 2.669068179468323e-15
118 163 3.3489689840987794e-20
70 118 9.386620866561456e-16
114 118 1.5327252873438256e-67
77 118 5.35165498901307e-23
118 261 3.898692345987953e-05
248 261 0.00010631216567293983
201 261 0.0006652890474576754
150 261 0.0007744760806125357
261 311 0.00010366853349701462
146 261 0.0007904903231199669
147 261 0.0007240442925626712
258 261 2.103526313012745e-06
112 261 0.0001445719891494097
261 313 0.047946615135438686
182 261 2.3418005011610603e-07
67 261 0.00018303155663768308
219 261 3.403688244087714e-05
261 299 1.628349851227283e-05
152 261 0.00013467366913720601
261 293 1.1906688719972955e-15
162 261 0.0004429703491910936
47 261 0.00509329125496094
144 261 8.809734509580811e-05
261 263 5.849386424330297e-05
261 301 1.1023015926348835e-05
177 261 0.00016985667656141068
221 261 3.403688244087714e-05
261 310 9.441216815791461e-05
232 261 3.2344103876461285e-11
261 321 0.008510588093609654
261 296 3.583854796545449e-14
123 261 3.4398682563850355e-05
172 261 1.0690081810287659e-07
261 292 1.4939394256378353e-10
203 261 0.0005677430862208035
65 261 0.0036205277757519545
167 261 7.88237490121275e-06
261 306 7.112310022004276e-05
197 261 0.0006511587086765993
261 297 6.303181612658253e-14
246 261 7.510103907962503e-05
253 261 8.284855622624287e-05
94 261 8.581679024193368e-05
183 261 0.0006724371559902432
261 307 3.979726926850536e-05
261 276 1.208506057372781e-09
225 261 9.538543809319608e-19
169 261 0.0005097953755217303
216 261 2.955132020472003e-14
261 284 4.690653480707e-06
212 261 0.00014121200335098552
261 274 7.949840223041104e-07
189 261 2.103526313012745e-06
133 261 4.090072381741459e-06
239 261 4.1628236808718556e-15
202 261 0.00010991862017205772
218 261 1.9712922232990723e-05
128 261 7.150407340173494e-06
251 261 9.441216815791461e-05
254 261 9.3077315047737e-18
261 275 2.387241383174175e-16
198 261 2.8514537499120016e-10
222 261 9.292491998047335e-07
261 308 1.5591089306055376e-07
261 273 4.282646358443065e-06
240 261 1.2284392930227733e-08
213 261 0.0002628247537955761
250 261 4.361276642439075e-05
261 286 1.4014369509955012e-08
261 271 7.393825907017438e-13
261 281 1.6841241475505981e-09
261 267 2.0049413023800807e-26
242 261 0.00019412494748664692
261 309 1.8482138421351443e-07
206 261 2.992252261440493e-10
81 261 0.0003124628361507225
220 261 7.573921305785889e-14
261 290 1.0863372858014606e-12
261 266 1.2629379894279395e-17
226 261 9.426996840020406e-17
261 270 1.688002166386748e-45
142 261 0.00027370889397943714
241 261 1.5246580905345897e-25
261 278 3.0866173224627137e-16
261 279 1.0843649283624714e-19
261 291 5.745324673872229e-14
247 261 1.1769109439216723e-34
261 304 5.539249336988922e-09
184 261 1.303919927867174e-06
261 280 2.109488511877962e-25
153 261 1.352781892256604e-05
257 261 3.3008755608205024e-27
261 269 6.36185991761652e-35
168 261 4.906553118028263e-06
118 255 4.690653480707e-06
255 261 1.893107180416748e-07
248 255 0.0030876443632004346
201 255 0.006227874584858845
150 255 8.913826238379273e-06
166 255 0.00023213282308585438
255 311 2.660569195029709e-06
146 255 9.922185710784808e-06
109 255 9.360396185494471e-05
147 255 7.99184267695126e-06
255 258 0.0008108416931915819
112 255 5.130702513804484e-06
255 313 0.07820513414071671
182 255 2.7157766094947757e-08
67 255 0.00018439095876731092
219 255 0.0017979421541101483
255 299 4.966954849220621e-09
152 255 4.870574659488794e-07
255 293 2.4532054068136805e-07
162 255 1.8321147996359178e-06
47 255 0.013831289230414176
230 255 1.9072615904632638e-19
179 255 1.0968633706037291e-07
144 255 0.0016446027549886467
255 263 0.0025086163016328866
255 301 1.3124037996250196e-08
174 255 2.5691852426314407e-07
177 255 9.38817548683771e-08
221 255 6.837360238701335e-13
176 255 3.832130349986528e-09
255 310 1.80037923793285e-06
232 255 1.3328366796256239e-14
131 255 1.707957265005096e-06
255 321 0.00307733906846693
255 296 3.445755797181288e-07
123 255 3.4997673246443367e-06
217 255 3.068328321733221e-17
172 255 1.678059753794371e-06
255 292 3.2929696754790676e-10
65 255 0.011836619191157955
167 255 4.1118704522926256e-08
255 306 6.377399520386591e-07
255 297 4.7617183318175555e-06
246 255 0.0026834201726402573
119 255 4.18823876749881e-05
253 255 0.002817259697883649
94 255 1.608654107238127e-05
255 288 1.5628742606227633e-06
161 255 5.464500497607886e-08
159 255 8.010966879979929e-08
255 307 5.297466031346336e-07
95 255 2.2395777627769538e-05
255 276 0.0001457056216922035
225 255 5.187830643412482e-07
216 255 1.377551077650657e-07
255 284 8.29546827064027e-14
212 255 4.615443077607762e-09
92 255 4.449916735190328e-05
91 255 3.262021034666128e-05
125 255 5.366005482541726e-05
255 256 1.568132982994572e-37
189 255 1.2150688011254008e-10
133 255 2.2914041170357628e-05
255 305 6.63099669597857e-08
239 255 2.5553574614289936e-11
202 255 3.978504794967779e-09
218 255 5.23387303755986e-14
255 260 2.7568094973373876e-19
157 255 1.303919927867174e-06
237 255 4.776637775595189e-27
222 255 1.3196464712970788e-21
255 322 0.003484922182688467
249 255 4.0055474151043536e-26
255 273 1.4763921914683188e-20
255 298 3.620892328900339e-10
240 255 2.6791350840891377e-29
255 287 9.783642698726405e-15
255 283 2.587768036734096e-10
255 286 9.935076156376856e-14
255 271 1.6325766863932024e-14
192 255 4.567254294021557e-11
255 281 2.0013863732683785e-13
255 300 1.994082989039875e-08
137 255 6.508320309432246e-07
255 267 1.551605463400398e-09
127 255 1.9301849379964433e-06
234 255 5.698921421539347e-32
223 255 6.95213617456976e-23
132 255 8.675464793964409e-06
255 295 9.490681818435911e-12
215 255 9.386620866561456e-16
255 272 2.2707365706091647e-27
129 255 1.8363870031730817e-05
255 265 7.48808903656676e-40
255 266 1.6728692087884258e-11
255 289 9.935076156376856e-14
184 255 0.0003084118868257764
118 248 0.0031186955732284655
201 248 2.0095165103332314e-11
248 311 0.008375866322031368
248 258 6.303181612658253e-14
182 248 0.0012726338013398079
67 248 0.002376096954596768
248 299 0.0061001674235054695
152 248 0.007467764058974617
162 248 0.012212608911571646
47 248 0.00046997302945634177
144 248 1.1452466138489649e-06
248 263 7.042866771920072e-34
248 301 0.005382187456189091
232 248 0.0010160845045893074
172 248 0.0004839215330155355
248 292 0.0011736481239262972
203 248 2.2736117387112677e-12
65 248 0.0001468461187088637
197 248 2.5553574614289936e-11
248 253 4.198682153294429e-118
248 316 0.013008368512793762
94 248 0.0035863129752394477
183 248 1.019520164382229e-09
245 248 1.9151695967140057e-174
169 248 7.897524998326896e-09
248 274 4.0754902526610114e-11
248 250 1.688002166386748e-45
242 248 1.2052968848554672e-50
214 248 7.934687156095023e-15
248 331 0.1529595648104814
244 248 3.326464835504907e-91
168 248 3.726653172078671e-06
182 201 0.002198563601220337
144 201 7.391417250003405e-08
201 203 2.486632150389903e-132
197 201 0.0
201 253 1.4192292867942123e-10
183 201 3.301288380693275e-40
178 201 4.0055474151043536e-26
185 201 4.449941781745097e-50
201 236 2.387241383174175e-16
118 150 1.1239850166251425e-06
150 248 0.014446716304759131
150 201 0.018052844306713178
150 311 0.0010404188899422143
146 150 6.161064896628e-311
150 258 0.007886404021328619
150 182 9.281517362491594e-06
67 150 8.657175499215358e-05
150 219 0.009571163865233455
150 299 0.000288747125775011
150 152 5.745324673872229e-14
150 162 1.741466809206832e-42
47 150 0.019962608608028953
144 150 0.005849563857406325
150 263 0.013805955164372337
150 301 0.0004273309011527392
150 221 4.788310878869854e-09
150 321 0.009716592414932028
150 292 0.0005068713093706765
150 306 0.0006796408746614253
150 212 3.475703280862923e-12
92 150 3.5436550770264614e-17
91 150 8.813783897166048e-15
150 202 3.5977587422359467e-13
150 322 0.010138976449967543
150 324 0.010462440603245209
118 166 1.3191273358839968e-05
166 261 2.289875778621293e-06
166 248 1.2538812608305448e-05
166 201 1.7718185132368124e-05
150 166 0.0018268351425936751
166 311 0.004259875758307121
146 166 0.0018051359101380821
147 166 0.0016923775037561643
166 258 7.055374747883368e-07
112 166 0.00013360717392647844
166 313 0.04505758182169997
166 182 1.50785003853542e-06
67 166 2.289875778621293e-06
166 219 1.3102724754756333e-07
166 299 0.0020694555705409734
152 166 0.00035297066862949913
166 293 7.646534045216259e-05
162 166 0.0013300795103844815
47 166 0.00016731167394185524
144 166 2.4425759545171493e-12
166 263 1.8804904992889996e-05
166 301 0.001953166882294528
166 177 0.0007864646121284944
166 232 1.2067094018007845e-05
166 296 9.93769997669592e-05
123 166 1.3871387027954681e-05
166 172 4.44818703890254e-09
166 292 0.00023376271083318413
166 203 1.4580034559879026e-05
65 166 7.92525766602498e-05
166 167 2.5941615807861594e-05
166 197 1.5891538552377608e-05
166 297 6.190420300744149e-05
166 246 7.45686522834788e-06
166 253 1.1760809322081705e-05
94 166 1.8363870031730817e-05
166 183 8.558279035832045e-06
166 276 2.1397313221576057e-06
166 225 1.756877150646201e-08
166 169 1.8643238133068309e-06
166 216 2.5552837172772693e-08
166 274 3.3907533358772123e-06
133 166 9.35424396126312e-10
45 166 4.020748080888707e-05
128 166 5.166302526438345e-08
166 251 1.2067094018007845e-05
166 198 8.386136069774217e-11
90 166 8.327840053160748e-06
166 213 4.2176282087354795e-06
166 250 5.130702513804484e-06
130 166 1.591020622909018e-06
166 242 1.8363870031730817e-05
75 166 5.576750004051305e-05
140 166 6.386954937313945e-11
82 166 1.3124037996250196e-08
166 206 1.4123076368985475e-07
148 166 2.660569195029709e-06
51 166 3.4997673246443367e-06
81 166 6.292825984780194e-10
166 175 5.35165498901307e-23
50 166 5.687187694850706e-06
106 166 2.061153622438558e-09
41 166 5.940636091786682e-06
142 166 1.994082989039875e-08
166 184 3.258423089022379e-28
153 166 1.9937598856978078e-32
166 168 1.741466809206832e-42
118 311 0.0018855688593598745
201 311 0.016129342559960735
182 311 0.0005741117081003612
67 311 0.0057572371772713835
152 311 0.0008067416134941997
162 311 0.0006724371559902432
47 311 0.03472778979974105
263 311 0.006620651730731839
301 311 4.73519988393206e-19
221 311 3.192992584366943e-05
311 321 5.061832794930866e-05
292 311 1.938947131441726e-07
203 311 0.01528930053446475
306 311 3.166953153125969e-51
94 311 0.0026366600897356957
311 322 7.784912202239285e-05
287 311 1.1585093662940907e-09
311 324 5.576750004051305e-05
118 146 1.0033614990401297e-06
146 311 0.001100501712577774
146 182 9.157584872538292e-06
67 146 8.067589807878309e-05
146 299 0.00031043238980693003
146 152 4.336035852574641e-14
146 301 0.00045632390058103137
146 221 6.625157354406598e-09
146 232 3.979726926850536e-05
123 146 8.268833193807537e-07
146 172 8.809734509580811e-05
146 292 0.0005306127274145929
146 306 0.0007240442925626712
119 146 3.4055242404795283e-35
94 146 1.48096183620627e-06
146 307 0.0008655147185004395
146 212 7.315500658883895e-12
92 146 4.248354255291589e-18
91 146 2.127595802761831e-15
146 189 2.287765949034092e-07
146 202 7.393825907017438e-13
80 146 6.303181612658253e-14
146 168 0.0026552987634396253
109 118 9.157584872538292e-06
109 261 0.0019684091608700295
109 248 0.01965795703470297
109 201 0.023133387867639063
109 150 1.1973876516897079e-20
109 166 0.0032342928962645436
109 311 0.002350167292332651
109 146 2.6141056306406058e-21
109 147 7.380478129859168e-20
109 258 0.011883265685449666
109 112 1.2458829291275567e-07
109 182 6.98348080082001e-05
67 109 0.0001750359754546088
109 219 0.013629310165342107
109 299 0.0009227795472849757
109 152 2.32228155470473e-09
109 293 0.0029254536461602062
109 162 2.955132020472003e-14
47 109 0.023231939639033902
109 230 7.88237490121275e-06
109 179 2.8514537499120016e-10
109 144 0.00839503581062189
109 301 0.0012445724636874543
109 174 4.567254294021557e-11
109 177 4.3672206155211166e-10
109 221 1.256781435021663e-06
109 176 2.103526313012745e-06
109 310 0.002125291830901211
109 232 0.00022889900609837708
109 131 1.756877150646201e-08
109 321 0.012934901388949791
109 203 0.022578648664650643
109 167 4.980340927108482e-06
109 306 0.001699279365552657
94 109 9.281517362491594e-06
109 161 8.107991734492811e-07
109 159 1.938947131441726e-07
109 307 0.0019914236925704753
95 109 1.2248371326648179e-11
109 212 3.8799967948688564e-08
92 109 8.222789805316039e-17
91 109 3.31339725813694e-13
109 202 2.0576523555643733e-08
80 109 1.1769109439216723e-34
109 273 0.00012033022037153604
118 147 7.794341657793083e-07
147 248 0.014034852143074572
147 201 0.017504322240698863
147 150 7.124576406741286e-218
147 311 0.0010453348835711038
146 147 3.409241010067853e-256
147 258 0.007593751979290461
147 182 7.251374458179648e-06
67 147 7.30906925794498e-05
147 219 0.009223178013530224
147 299 0.00028683401583428036
147 152 9.783642698726405e-15
147 293 0.001200581131840728
47 147 0.019355606196675666
147 301 0.00042476471450074617
147 177 4.73519988393206e-19
147 221 3.978504794967779e-09
147 310 0.0009182811110734757
147 232 3.332247877200061e-05
147 321 0.009884324398539233
123 147 6.248749509463097e-07
147 172 7.646534045216259e-05
147 292 0.0004839215330155355
147 167 1.1253517471925912e-07
147 306 0.0006832636620939182
94 147 1.1888016177202681e-06
147 307 0.0008149567338541079
147 284 7.112310022004276e-05
147 212 3.24136540037967e-12
92 147 4.982312913571242e-18
91 147 1.5054375128192596e-15
125 147 4.0055474151043536e-26
147 305 0.0005741117081003612
147 202 2.3722497513654384e-13
147 218 5.952860721557713e-09
99 147 8.907686094657256e-08
147 322 0.010332368812202902
80 147 2.3722497513654384e-13
143 147 1.0898504972500427e-79
147 273 1.369871826680948e-05
96 147 9.3077315047737e-18
147 300 0.0003290679837991775
147 153 0.0026366600897356957
147 324 0.010637291683768717
201 258 2.7520758175940374e-07
182 258 0.00026461561618247007
152 258 0.0033417713243495163
47 258 0.0009501010213316059
144 258 6.508320309432246e-07
258 263 9.426996840020406e-17
203 258 1.2458829291275567e-07
258 297 2.8875503621930407e-06
253 258 2.986076568835683e-15
183 258 6.377399520386591e-07
169 258 6.377399520386591e-07
216 258 9.157584872538292e-06
258 274 1.9937598856978078e-32
250 258 1.9072615904632638e-19
258 264 1.7329100998027503e-29
112 118 2.29483703267735e-19
112 248 0.00595841472113587
112 201 0.007343021195656991
112 150 3.050857503190488e-09
112 311 0.0017622672476937389
112 146 2.2321095209624552e-09
112 147 1.3703998679105984e-09
112 258 0.0026366600897356957
112 182 1.208506057372781e-09
67 112 1.932262123247225e-08
112 219 0.0030159797949422347
112 299 0.0005156807373347541
112 152 1.0843649283624714e-19
112 293 0.0005097953755217303
112 162 5.750318158891351e-10
47 112 0.007539604644549964
112 144 0.0010802086166918023
112 263 0.005880539138686529
112 301 0.0006476605081854163
112 177 9.844976927930223e-11
112 221 2.0335339831739497e-07
112 310 0.0015911488618056144
112 232 2.0678415263730155e-06
112 296 0.000593531360605253
112 123 8.953573596095744e-20
112 172 1.7612012726820489e-07
112 292 0.0002755555513302023
112 203 0.007062564827285286
65 112 0.007166975037612415
112 167 3.976366967178202e-16
112 306 0.0012334703696190341
112 253 0.005741936706013129
94 112 1.132262251975803e-18
112 307 0.0012726338013398079
112 212 1.1544854609849463e-07
92 112 3.475703280862923e-12
91 112 4.1628236808718556e-15
112 125 7.391417250003405e-08
112 189 1.8909474471301285e-11
112 305 0.0008612178890393369
112 202 1.074716483742164e-08
99 112 1.1769109439216723e-34
112 157 5.996811038037405e-12
90 112 1.9946128612419595e-14
112 126 4.85156262038246e-28
112 136 2.32228155470473e-09
112 137 1.7329100998027503e-29
71 112 4.76522462283696e-14
100 112 4.73547584975523e-53
84 112 7.042866771920072e-34
70 112 5.4236176738789346e-17
118 313 0.08600191872448594
248 313 0.014111595904711983
201 313 0.015209244870618172
258 313 0.0216470484673294
182 313 0.07311316770316112
67 313 0.08167477959662822
219 313 0.021204018842951703
47 313 0.0391466393755325
263 313 0.014034852143074572
246 313 0.015155996328566712
313 316 3.166953153125969e-51
312 313 5.767551330941847e-46
313 329 0.03611107181442091
313 318 5.466866154328224e-25
313 319 3.268972227930201e-21
313 314 3.09111478657153e-97
313 331 0.05593827973128633
313 317 6.78833259111985e-62
313 326 1.256781435021663e-06
313 315 4.800892238919265e-61
182 301 0.0001174175989818895
182 216 2.2736117387112677e-12
182 274 0.00028493048887656886
92 182 6.475846001766642e-06
182 222 7.526368939131593e-11
106 182 4.5743956235296403e-10
160 182 2.5240133478372307e-36
182 196 2.2196247365185607e-33
67 118 6.409781863125611e-12
67 201 0.0022399958426729105
67 258 0.0010306361024581836
67 182 6.451994792986007e-08
67 152 2.840893104713515e-06
67 162 6.248761940537856e-05
47 67 0.001283981330603884
67 144 6.248761940537856e-05
67 263 0.0026459685455951514
67 301 0.0028367318703801402
67 292 0.0009227795472849757
67 203 0.002165791652192565
65 67 0.0012613566596760084
67 197 0.0021576504142838686
67 246 0.0020615608300721157
67 253 0.0023415663556485204
67 183 0.0016581567990012244
67 307 0.0044529647658210865
67 274 0.0013773205698171854
67 189 1.48096183620627e-06
67 133 1.5794995754151102e-12
67 76 2.8242037511463224e-09
67 78 3.720075976020836e-44
43 67 1.171744475891854e-12
118 219 0.0012613566596760084
219 248 3.068328321733221e-17
201 219 1.0120523782925278e-11
219 258 2.986076568835683e-15
182 219 0.00042476471450074617
67 219 0.0007864646121284944
219 299 0.004800533137853648
152 219 0.004209297463041561
162 219 0.007886404021328619
47 219 0.00015985254822107996
144 219 7.857671713778483e-10
219 263 1.1873233013808455e-13
219 301 0.0042853086273605566
219 232 0.00041966668591657936
123 219 0.0012669864451901225
172 219 9.93769997669592e-05
203 219 1.3615404524163134e-12
65 219 3.858674917635008e-05
197 219 8.337947094201161e-12
219 297 7.715478417802562e-05
219 246 1.3110861257489322e-19
219 253 6.237090109919826e-17
94 219 0.0014815625361676232
183 219 2.8765491466279387e-11
169 219 1.5727318394335787e-11
219 274 1.094252096954677e-10
133 219 0.00011361987233800799
219 250 7.380478129859168e-20
118 299 0.0005645782514304986
201 299 0.012165258228087561
299 311 1.2629379894279395e-17
258 299 0.0022068084421199745
182 299 0.00010193487075944119
67 299 0.0026459685455951514
152 299 0.00017114029720044488
162 299 0.00015030907235127325
144 299 0.006052691085819167
299 301 7.17776479879731e-58
221 299 9.656971970677036e-07
232 299 2.3287739928591135e-06
299 321 0.0002984574692423906
123 299 0.0005039596126536884
292 299 8.95773671769673e-10
299 306 3.994234889887548e-25
94 299 0.0009048797651057494
299 307 1.3729851167830754e-24
92 299 0.0009048797651057494
125 299 0.0006617357726377902
299 305 1.568132982994572e-37
299 322 0.00039002740051441285
273 299 4.97783128330703e-13
287 299 1.5887143694941613e-18
286 299 6.837360238701335e-13
152 201 0.009821233959658759
152 182 9.709272289940377e-09
47 152 0.011604898497496909
152 263 0.007132070228437818
152 301 0.0002437256003861777
152 221 1.9241537807930938e-10
152 297 0.0007904903231199669
152 183 0.008823214948214333
152 307 0.0005582873834157018
92 152 4.76522462283696e-14
91 152 4.507183430789648e-16
125 152 4.168593929214217e-10
152 189 6.837360238701335e-13
152 305 0.00035074556517517333
152 202 2.955132020472003e-14
152 222 1.1585093662940907e-09
80 152 4.1118704522926256e-08
126 152 7.573921305785889e-14
127 152 2.085981178625835e-21
152 215 1.3887943864964021e-11
129 152 5.23387303755986e-14
152 156 2.0965192203495125e-16
118 293 0.0002522716329362015
248 293 0.0003004287066857169
201 293 0.0016311251316283827
293 311 9.53354771360342e-06
146 293 0.001289681556159018
258 293 1.709117331140241e-05
182 293 1.1023015926348835e-05
67 293 0.0009093312484352188
219 293 0.0001871329956665346
293 299 1.1239850166251425e-06
152 293 0.00036884342003768654
162 293 0.0007626198379220164
47 293 0.00975837264521781
144 293 0.0005582873834157018
263 293 0.0001586347153218065
293 301 4.194641338629916e-07
293 296 1.918555668934785e-136
172 293 1.335867519694587e-05
292 293 1.7055846767380368e-17
203 293 0.0014318492703312411
65 293 0.007378535019540873
167 293 6.547046925763571e-05
293 306 6.5688339358758e-06
293 297 4.776637775595189e-27
246 293 0.00023704859183262835
253 293 0.00024036947641951407
183 293 0.0017481339937796092
293 307 2.1397313221576057e-06
225 293 6.393880164818928e-09
216 293 5.0226518684812554e-08
284 293 5.998131994409549e-07
274 293 5.05505436313893e-06
133 293 9.686966164112177e-05
293 305 5.75621165189132e-07
286 293 4.3149579277113554e-11
281 293 1.5794995754151102e-12
293 309 8.897127706682064e-12
290 293 5.627568882853384e-26
142 293 0.0011056167663914434
162 201 0.01577423141645713
147 162 1.9265992132689386e-46
162 258 0.006260052436908023
162 182 2.574094155495242e-06
152 162 2.29279210727034e-17
144 162 0.004800533137853648
162 301 0.00023376271083318413
162 221 5.4074308144820506e-11
162 321 0.008568708417345106
162 307 0.0005039596126536884
92 162 1.2031092537721736e-14
91 162 9.935076156376856e-14
125 162 3.068328321733221e-17
162 305 0.00033332081475206737
162 202 4.248354255291589e-18
80 162 1.3479409456530097e-10
162 273 3.726653172078671e-06
47 201 2.344201084025709e-05
47 182 0.004184151851143401
47 144 5.442826138661205e-06
47 203 3.0916640494241954e-05
47 253 0.0005551612898678295
47 183 6.383956651373042e-06
47 56 2.5240133478372307e-36
47 74 9.783642698726405e-15
47 86 1.4958023112504932e-08
118 230 1.280165705221133e-06
230 261 7.667169734502764e-06
230 248 0.005338223412147289
201 230 0.00898197629025946
150 230 1.4123076368985475e-07
166 230 0.0004429703491910936
230 311 1.5130785204868937e-05
146 230 1.719049743454797e-07
147 230 1.1842768481426575e-07
230 258 0.0018633951186130527
112 230 4.105031013855005e-07
182 230 3.8799967948688564e-08
67 230 0.00012734509598192915
219 230 0.0032342928962645436
230 299 1.985750415012094e-07
152 230 2.512518505990959e-09
230 293 1.2699382865313829e-05
162 230 6.863883268772926e-09
47 230 0.0157199618274108
179 230 1.478133528639142e-11
230 263 0.004624698561556311
230 301 5.876100463385044e-07
177 230 1.2248371326648179e-11
221 230 6.36185991761652e-35
176 230 2.8765491466279387e-11
230 310 1.0880140221963316e-05
230 232 3.620892328900339e-10
230 321 0.003563619349104759
172 230 3.844650216390487e-06
230 292 4.870574659488794e-07
167 230 2.935566395970458e-09
230 306 4.7617183318175555e-06
230 297 6.919762191629026e-05
94 230 4.980340927108482e-06
161 230 8.20996645750527e-10
159 230 5.250532827568444e-10
230 307 5.855127580846134e-06
230 284 2.587768036734096e-10
212 230 1.0576164818786678e-15
92 230 3.3373266382152536e-06
91 230 2.408249054251458e-06
125 230 3.130645860770735e-06
189 230 2.4425759545171493e-12
230 305 1.6486080573393202e-06
230 239 2.8851290572487683e-08
202 230 7.375442592678941e-16
218 230 1.3547854219908462e-44
157 230 4.615443077607762e-09
230 237 6.78833259111985e-62
222 230 4.776637775595189e-27
143 230 3.013435035674319e-07
230 273 1.8973749206897916e-15
230 298 2.9732576799083027e-08
230 240 3.729167553654942e-15
230 287 1.4285601643352715e-09
230 286 1.4014369509955012e-08
230 281 2.3302796948235797e-08
230 300 4.105031013855005e-07
204 230 1.3196464712970788e-21
230 252 5.466866154328224e-25
186 230 5.176036209387583e-15
230 295 6.863883268772926e-09
215 230 1.581149425766597e-31
230 272 8.897127706682064e-12
230 235 6.131235136836468e-41
230 243 5.466866154328224e-25
230 238 1.097860139022939e-25
227 230 2.839656249902154e-26
118 179 1.2147384328090205e-07
179 261 0.0001899062001084662
150 179 5.653699129979312e-19
179 311 0.0003552063195916402
146 179 1.5887143694941613e-18
147 179 1.0843649283624714e-19
112 179 2.7167035410326186e-10
179 182 3.930761268363662e-07
67 179 4.771576286760891e-05
179 299 5.470569782825935e-05
152 179 4.9891093927950183e-20
179 293 0.0003574525483571646
162 179 3.89012930392597e-33
179 301 9.280119252396995e-05
179 221 2.986076568835683e-15
179 310 0.0002984574692423906
179 232 1.707957265005096e-06
123 179 8.227375263962021e-08
172 179 1.5130785204868937e-05
179 292 9.686966164112177e-05
167 179 8.20996645750527e-10
179 306 0.00019841511329933597
94 179 3.846050995724625e-07
179 307 0.0002420431187303605
92 179 2.407426350003287e-11
91 179 2.2673961471567363e-11
125 179 1.0788663030635401e-11
179 189 2.0226779646946931e-10
179 218 4.1628236808718556e-15
144 182 0.00013044696291368828
144 253 1.4027317833450636e-06
144 183 6.169847705359923e-09
144 216 2.1141710919147864e-05
144 274 5.855127580846134e-06
86 144 6.529474875782339e-16
104 144 8.274534992965923e-22
201 263 7.897524998326896e-09
182 263 0.0011736481239262972
47 263 0.0009137983542696551
144 263 4.55118462734652e-06
203 263 2.4157166575154166e-09
253 263 1.688002166386748e-45
183 263 8.227375263962021e-08
250 263 1.4337371884189932e-40
118 174 1.3435439220952573e-07
174 261 0.00023704859183262835
174 248 0.010246162451474075
174 201 0.013730101515589338
150 174 4.038156605301849e-22
166 174 0.0009547100074441716
174 311 0.0004324977711686552
146 174 1.6609620799534913e-21
147 174 3.145540187933581e-23
174 258 0.004924678525234436
112 174 2.0226779646946931e-10
174 182 5.998131994409549e-07
67 174 4.7245206327864156e-05
174 219 0.006438828417894994
174 299 7.510103907962503e-05
152 174 2.231855007475105e-20
174 293 0.0004403347739438399
162 174 1.3547854219908462e-44
174 230 1.094252096954677e-10
174 301 0.0001232987741309813
174 221 9.080790714229484e-14
174 176 2.1348821645515685e-11
174 310 0.00036654384759469874
131 174 1.6851279624711454e-13
174 321 0.007684506098193134
172 174 1.8804904992889996e-05
174 292 0.00012940656058151167
167 174 1.551605463400398e-09
174 306 0.0002505445112719908
161 174 7.315500658883895e-12
159 174 5.23387303755986e-14
174 307 0.00030240973710717923
174 284 9.79121135801848e-06
174 212 1.4763921914683188e-20
92 174 3.0217078262706742e-12
91 174 3.725613894868333e-12
125 174 1.0067342977560563e-12
174 305 0.0001857580955830977
174 202 1.5548863390649953e-27
174 218 1.4159594988487774e-13
143 174 6.740354923336163e-19
174 273 7.949840223041104e-07
174 204 1.3421439517911357e-18
89 174 5.608511556494808e-12
118 177 6.814349292528216e-08
177 248 0.009324762211060671
177 201 0.012691634198820355
150 177 2.6135297815453016e-18
177 311 0.00036654384759469874
146 177 6.826690305985728e-18
177 258 0.004323637840975645
177 182 2.4532054068136805e-07
67 177 3.8189880735593725e-05
177 299 5.684563819611939e-05
152 177 5.141085288141212e-22
177 293 0.00033546262790251185
162 177 6.928847118330195e-31
47 177 0.016156827855083197
177 179 3.9211848562023366e-198
144 177 0.003484922182688467
177 263 0.008705214917648842
177 301 9.441216815791461e-05
174 177 3.873968704495626e-95
177 321 0.007503633522681651
177 292 9.121186402098004e-05
177 212 8.274534992965923e-22
91 177 1.304447241524306e-11
125 177 2.0095165103332314e-11
177 202 1.9937598856978078e-32
157 177 1.8048513878454153e-35
80 177 3.1566886304896614e-08
177 273 3.930761268363662e-07
96 177 1.31438396270155e-09
177 204 1.9287498479639178e-22
141 177 1.8537924035660197e-24
182 221 2.0823150224148703e-07
221 301 2.660569195029709e-06
221 321 0.0037360927812625884
221 307 1.5891538552377608e-05
92 221 6.777106198176576e-07
91 221 5.522737984170716e-07
221 305 6.027183309367455e-06
202 221 7.875401832449558e-26
221 322 0.004084524107512483
221 273 3.475703280862923e-12
129 221 4.232327386203782e-08
118 176 4.336035852574641e-14
176 261 9.157584872538292e-06
176 248 0.003701177956652379
176 201 0.005545296462337091
150 176 2.7157766094947757e-08
166 176 6.190420300744149e-05
176 311 0.0004171347831882651
146 176 2.7157766094947757e-08
147 176 1.6479528004069157e-08
176 258 0.0012334703696190341
112 176 9.783642698726405e-15
176 182 1.1906688719972955e-15
67 176 7.343399375909248e-07
176 219 0.0017764785280080277
176 299 5.961362163142119e-05
152 176 4.088170356206492e-17
162 176 1.1585093662940907e-09
47 176 0.008128982329202073
176 179 6.409781863125611e-12
144 176 0.0007945308496300664
176 263 0.0034294036394221235
176 301 8.284855622624287e-05
176 221 6.386954937313945e-11
176 310 0.0003597093852283573
176 232 5.250532827568444e-10
176 296 7.177425348163322e-05
172 176 3.421532154113958e-09
176 292 1.709117331140241e-05
65 176 0.007272298211103064
167 176 4.351317477581228e-42
176 306 0.00024711719985525267
94 176 2.2673961471567363e-11
176 307 0.00024711719985525267
176 284 5.940636091786682e-06
176 212 8.20996645750527e-10
92 176 3.659743535606679e-08
91 176 5.742724611105744e-09
176 189 3.720075976020836e-44
176 305 0.00013044696291368828
176 239 1.994082989039875e-08
176 202 1.5727318394335787e-11
176 218 1.9676564560064223e-12
99 176 1.829411058136974e-12
176 222 1.085293509311068e-14
80 176 8.102568680110197e-06
176 271 6.377399520386591e-07
176 192 5.767551330941847e-46
126 176 6.237090109919826e-17
137 176 5.966177293585362e-24
118 310 0.0017131409994884932
150 310 0.0009137983542696551
310 311 1.4131617948921058e-161
146 310 0.0009686325142772722
182 310 0.0005097953755217303
67 310 0.005426374271376213
299 310 2.7568094973373876e-19
152 310 0.0007052952493996192
293 310 8.913826238379273e-06
162 310 0.0005805324672351605
301 310 1.4763921914683188e-20
177 310 0.00031043238980693003
221 310 2.3979821014535015e-05
232 310 4.274056139508474e-05
123 310 0.0015845524840557767
292 310 1.5212137315203023e-07
167 310 0.000577315555451905
306 310 2.4590410523554544e-74
94 310 0.002428528898228961
307 310 6.287230346791124e-47
143 310 0.0010209187297987206
302 310 1.1973876516897079e-20
118 232 3.296042533779143e-07
201 232 0.0024817278691983574
232 311 5.161654424593518e-05
232 258 0.0001468461187088637
182 232 5.839190209189545e-13
67 232 2.8031538869242414e-05
152 232 9.114711983140501e-07
162 232 1.1760809322081705e-05
47 232 0.007219522460801826
232 301 2.490005082184936e-06
232 292 1.019520164382229e-09
232 297 4.194641338629916e-07
94 232 1.9980085867939212e-06
232 307 1.79313182927814e-05
225 232 6.848846486020775e-12
216 232 2.6810038677818034e-14
189 232 1.7002071782891364e-12
133 232 3.223322119515227e-07
222 232 1.475589460143315e-14
232 285 5.750318158891351e-10
118 131 1.3328366796256239e-14
131 261 0.00013574675531709878
131 248 0.006620651730731839
131 201 0.008452697229933392
131 150 4.0754902526610114e-11
131 166 0.00021324146919612396
131 311 0.0012390126972812367
131 146 2.8765491466279387e-11
131 147 1.2248371326648179e-11
131 258 0.0029354227749754883
112 131 6.131235136836468e-41
131 182 2.2321095209624552e-09
67 131 3.082040577677122e-07
131 219 0.003529752987641033
131 299 0.00031450325596978746
131 152 1.2820178072493165e-36
131 293 0.0004299085765758976
131 162 1.5794995754151102e-12
47 131 0.009324762211060671
131 230 4.882531859231013e-08
131 179 2.8063146353268297e-13
131 301 0.00041461424763927215
131 177 4.336035852574641e-14
131 221 1.3562705835016242e-08
131 176 5.4236176738789346e-17
131 310 0.0011056167663914434
123 131 4.1628236808718556e-15
131 172 4.5701933153939054e-07
131 292 0.0001969770746779649
131 167 2.387241383174175e-16
131 306 0.0008315670862727418
94 131 1.8369250633338026e-13
131 307 0.0008784973404729708
125 131 6.863883268772926e-09
131 189 1.4667729457744101e-12
131 305 0.0005709208950652956
131 153 0.0004429703491910936
182 321 0.013008368512793762
301 321 0.00031450325596978746
321 322 3.759204430317811e-81
321 325 6.287230346791124e-47
118 296 0.0003084118868257764
150 296 0.0013713524840677656
296 311 7.561410355674277e-06
258 296 2.041713478726684e-05
182 296 1.5891538552377608e-05
67 296 0.0010601815960603837
232 296 3.4506070074659265e-08
123 296 0.00027927710654041714
292 296 1.468522301928787e-17
296 297 1.5548863390649953e-27
225 296 1.8721480058844352e-08
216 296 1.1842768481426575e-07
275 296 3.42825189879851e-11
296 308 3.5977587422359467e-13
123 182 2.430820657493943e-14
67 123 2.0095165103332314e-11
123 152 1.6728692087884258e-11
47 123 0.004375079766974033
123 301 0.0005968140458881315
123 307 0.0012114749162431082
123 273 3.7405982050843916e-05
123 163 2.085981178625835e-21
123 302 0.0006100775361876974
118 217 1.8721480058844352e-08
217 261 7.799570223758752e-08
217 248 0.0021495298342391403
201 217 0.0041466125889776575
166 217 4.1458511395092155e-05
217 311 6.608035370847957e-05
146 217 3.181277067928111e-06
109 217 4.4054182075112056e-05
147 217 2.408249054251458e-06
217 258 0.0004981732062758394
112 217 6.814349292528216e-08
182 217 1.3328366796256239e-14
67 217 1.4945338524781451e-05
217 219 0.0010112665497004159
217 299 2.8875503621930407e-06
152 217 6.625157354406598e-09
217 293 1.2111040193866134e-06
162 217 4.473685698915804e-07
217 230 5.765495784152716e-15
179 217 1.5450700253303003e-08
217 263 0.0018268351425936751
217 301 4.153439674188308e-06
174 217 3.994448875696688e-08
217 221 1.6728692087884258e-11
176 217 2.3839117356405856e-15
217 310 5.366005482541726e-05
217 232 9.007304137878995e-23
131 217 1.8721480058844352e-08
217 321 0.006587365994683632
217 296 1.8643238133068309e-06
123 217 1.0390717876743977e-08
172 217 2.935566395970458e-09
217 292 8.448896091808767e-08
167 217 2.3722497513654384e-13
217 306 3.0916640494241954e-05
217 297 1.0188480144081657e-05
94 217 2.3418005011610603e-07
159 217 3.8482583726644626e-11
217 307 2.6821257636371316e-05
217 284 5.0226518684812554e-08
212 217 8.761701674941945e-09
189 217 3.164267372188623e-22
217 239 1.2031092537721736e-14
202 217 1.6841241475505981e-09
217 218 2.3722497513654384e-13
217 222 9.527206495326892e-32
217 240 2.6054428781149375e-31
217 283 3.252101600317351e-08
217 286 9.383731346465419e-09
217 271 1.7788387707121247e-11
192 217 2.6141056306406058e-21
126 217 7.110266731903711e-09
217 281 5.342249341743637e-09
118 172 8.386136069774217e-11
172 201 0.0008612178890393369
172 258 6.919762191629026e-05
172 182 8.953573596095744e-20
67 172 9.06795997196505e-09
172 299 0.00032068465757398713
152 172 1.5351524640241255e-06
162 172 4.274056139508474e-05
47 172 0.0019760605008887467
144 172 1.3191273358839968e-05
172 263 0.00046997302945634177
172 232 6.292825984780194e-10
123 172 6.747906278881222e-11
94 172 1.4889372119985538e-09
172 225 1.478133528639142e-11
172 216 4.1628236808718556e-15
133 172 2.473485438768128e-22
142 172 9.769986881555795e-05
118 292 0.00016858047821242448
201 292 0.003747777884491434
182 292 6.475846001766642e-06
152 292 0.0001390058316491515
162 292 0.00026641570325121013
144 292 0.0013417821126892584
292 301 1.2799328936973197e-10
292 297 4.567254294021557e-11
182 203 0.0020301856796191876
144 203 6.277255212852071e-08
203 253 2.2673961471567363e-11
183 203 2.1565577512622233e-34
203 251 7.315500658883895e-12
65 201 1.9638485426050647e-06
65 258 0.0004046451693262645
47 65 3.994234889887548e-25
65 144 7.491157279408951e-07
65 263 0.0003552063195916402
65 203 3.031417260820516e-06
65 253 0.00018439095876731092
65 183 2.6289394119634403e-07
65 169 5.777748519419133e-08
59 65 1.0506449658778458e-23
56 65 1.581149425766597e-31
65 74 2.8586283316527977e-30
54 65 3.729167553654942e-15
65 66 1.3588278079945545e-64
262 293 5.775600245718256e-16
262 296 1.8051102705991064e-14
262 292 9.334785523667837e-11
262 297 5.23387303755986e-14
262 276 1.6841241475505981e-09
225 262 2.216934021274026e-18
216 262 3.943204710720704e-14
239 262 2.3839117356405856e-15
254 262 4.088170356206492e-17
262 275 6.529474875782339e-16
118 167 1.5826069834762772e-19
167 248 0.003046558281486109
167 201 0.004466029986203587
150 167 1.7612012726820489e-07
167 311 0.0006581963110940192
146 167 1.6777802265174787e-07
167 258 0.0009686325142772722
167 182 7.380478129859168e-20
67 167 7.002142432762833e-08
167 219 0.0013300795103844815
167 299 0.00012033022037153604
152 167 2.20262630066529e-14
162 167 1.932262123247225e-08
167 301 0.0001526525366583726
167 232 1.0640781230604279e-09
123 167 2.6141056306406058e-21
167 172 8.386136069774217e-11
167 292 2.7119782677056865e-05
167 307 0.0004046451693262645
167 189 1.1143831578403364e-29
167 302 0.0001586347153218065
182 306 0.0003711537521904712
152 306 0.0005097953755217303
162 306 0.00041461424763927215
301 306 1.5246580905345897e-25
221 306 1.1610085898274009e-05
306 307 3.166953153125969e-51
118 197 0.0038065552195811285
197 258 2.7520758175940374e-07
47 197 2.1141710919147864e-05
144 197 5.6192034889832035e-08
197 263 9.383731346465419e-09
65 197 1.678059753794371e-06
197 246 5.112832513040698e-11
197 253 1.740096928276411e-10
183 197 1.3547854219908462e-44
169 197 2.6141056306406058e-21
197 250 6.292825984780194e-10
182 297 3.4398682563850355e-05
144 297 0.00039485553441803717
118 246 0.0027022769247690964
201 246 4.3149579277113554e-11
246 258 1.0576164818786678e-15
182 246 0.001050267314039633
47 246 0.00045902995862087735
144 246 6.777106198176576e-07
246 263 1.1769109439216723e-34
203 246 5.608511556494808e-12
65 246 0.0001445719891494097
246 253 4.3897575820679305e-112
183 246 1.31438396270155e-09
169 246 6.863883268772926e-09
246 250 2.4590410523554544e-74
118 233 0.0001816798606422379
233 261 6.169847705359923e-09
233 255 0.0001526525366583726
233 248 7.391417250003405e-08
201 233 6.6629306524133555e-06
166 233 3.7957307955617695e-10
233 258 1.6325766863932024e-14
182 233 1.5130785204868937e-05
67 233 0.00018439095876731092
219 233 1.8300188480173583e-10
152 233 0.0009686325142772722
233 293 1.6195967923126097e-06
144 233 8.227375263962021e-08
233 263 3.350055072521339e-08
176 233 0.00021172191064223767
233 296 2.408249054251458e-06
233 262 8.761701674941945e-09
233 276 8.813783897166048e-15
233 274 5.839190209189545e-13
233 254 2.0965192203495125e-16
233 275 2.1155200860126956e-12
229 233 4.982312913571242e-18
142 233 1.0033614990401297e-06
118 119 2.490005082184936e-06
119 261 0.0013359218697544517
119 150 1.165687697453548e-32
119 311 0.0018560435580795994
109 119 1.9265992132689386e-46
119 147 1.581149425766597e-31
112 119 1.0390717876743977e-08
119 182 2.6821257636371316e-05
67 119 9.686966164112177e-05
119 299 0.0006511587086765993
119 152 2.2673961471567363e-11
119 162 3.9599658874724817e-19
119 230 2.2137263451362523e-06
119 179 1.5794995754151102e-12
119 301 0.0008960235519743719
119 174 9.080790714229484e-14
119 177 2.6230937696692948e-12
119 221 2.4532054068136805e-07
119 176 3.296042533779143e-07
119 310 0.0016649625385863995
119 131 5.750318158891351e-10
119 321 0.012236321925080637
119 217 1.569847627834093e-05
119 306 0.0013011350599514667
95 119 3.583854796545449e-14
92 119 1.046141055571318e-21
91 119 2.387241383174175e-16
182 253 0.0011790003807813625
245 253 2.801650428014214e-78
201 316 0.014420790084022077
47 316 0.03865456359893909
314 316 3.949589210418991e-104
94 118 2.002943102801654e-47
94 201 0.004196712705519926
94 258 0.0014379991399069108
94 182 4.567254294021557e-11
67 94 5.23387303755986e-14
94 152 2.992252261440493e-10
94 162 7.491157279408951e-07
47 94 0.003913836239528616
94 263 0.0036549521470117595
94 301 0.0010453348835711038
90 94 1.2418498224782002e-58
77 94 1.741466809206832e-42
118 288 0.00027927710654041714
261 288 4.248354255291589e-18
166 288 3.5876985721705066e-05
258 288 3.0806950219773312e-06
152 288 0.0005097953755217303
288 293 9.467851976658794e-36
162 288 0.001085256877502462
230 288 3.4763573714058525e-05
232 288 5.777748519419133e-08
288 296 3.3836494970829565e-32
203 288 0.0008190867645045893
262 288 3.0769874839944985e-18
288 297 4.73547584975523e-53
276 288 4.5743956235296403e-10
254 288 4.900584331150309e-12
275 288 2.387241383174175e-16
288 308 6.848846486020775e-12
118 161 1.2353135912251877e-16
161 261 2.2914041170357628e-05
161 248 0.004259875758307121
146 161 7.110266731903711e-09
147 161 3.978504794967779e-09
112 161 4.9891093927950183e-20
161 182 8.29546827064027e-14
67 161 2.6898962123801894e-07
161 299 0.00011838230235113276
152 161 2.6141056306406058e-21
161 162 3.139340843848708e-10
161 179 3.24136540037967e-12
161 301 0.0001586347153218065
161 167 6.131235136836468e-41
161 189 1.8537924035660197e-24
99 161 1.5054375128192596e-15
126 161 4.038156605301849e-22
137 161 8.016648014070287e-39
100 161 1.8394698956718364e-16
161 191 1.8779957979693853e-18
93 161 1.6907478616437158e-15
183 253 3.832130349986528e-09
118 159 1.9946128612419595e-14
159 261 4.103808167483707e-05
159 248 0.00515028153484292
150 159 5.250532827568444e-10
159 166 0.00013254724254567504
146 159 4.790445733621611e-10
147 159 2.233631436203166e-10
159 258 0.0020068677128431823
112 159 4.0793193371278984e-21
159 182 1.2248371326648179e-11
67 159 6.641544780541552e-07
159 219 0.0026459685455951514
159 299 0.00012033022037153604
152 159 6.928847118330195e-31
159 293 0.0001647961349514841
159 162 7.315500658883895e-12
159 179 1.9946128612419595e-14
159 301 0.00016605023557043252
159 176 1.1769109439216723e-34
123 159 3.3382377953649984e-15
159 167 1.5246580905345897e-25
94 159 3.725613894868333e-12
159 161 1.3588278079945545e-64
307 311 6.846792934981757e-43
182 307 0.00032695690557453684
301 307 2.6054428781149375e-31
305 307 6.224121387389248e-48
95 118 7.519108411227565e-10
95 150 1.0863896384481233e-13
95 146 3.583854796545449e-14
95 147 1.9946128612419595e-14
95 112 1.8779957979693853e-18
67 95 1.9301849379964433e-06
95 299 0.0007586970180441808
95 152 2.216934021274026e-18
95 162 2.179482053610931e-13
95 230 1.5351524640241255e-06
95 179 1.304447241524306e-11
95 174 2.6230937696692948e-12
95 177 5.996811038037405e-12
95 221 3.6813547983070837e-07
95 176 8.576485443414874e-10
95 131 7.830220390791352e-21
92 95 6.761427218240937e-33
91 95 6.426664538149708e-77
245 261 0.00010631216567293983
201 245 5.243531081516474e-12
166 245 1.0054604573075358e-05
245 258 7.573921305785889e-14
219 245 1.3421439517911357e-18
47 245 0.00040712054010997244
144 245 7.343399375909248e-07
245 263 2.6791350840891377e-29
203 245 4.97783128330703e-13
65 245 0.0001213134881169655
197 245 6.848846486020775e-12
245 246 1.1871801021577125e-106
183 245 3.7957307955617695e-10
213 245 9.3077315047737e-18
242 245 2.0951748332938543e-56
118 276 0.0006167893510251592
248 276 1.8482138421351443e-07
201 276 3.9390423498617e-05
258 276 5.23387303755986e-14
219 276 6.814349292528216e-08
276 293 4.1118704522926256e-08
263 276 1.595774789125029e-08
276 296 5.940216828360278e-08
276 297 3.2929696754790676e-10
254 276 1.3393722746414879e-15
275 276 4.0793193371278984e-21
8 118 0.06483056451747082
8 248 0.038042848186563866
8 201 0.023100580932266575
8 112 0.07431606550407541
8 313 0.07341346231770267
8 67 0.04759312354724259
8 47 0.0055602734190183445
8 144 0.02620878557243946
8 65 0.007431996233142841
8 26 5.855127580846134e-06
4 8 1.263342317597822e-12
8 13 6.451994792986007e-08
8 23 8.20996645750527e-10
3 8 7.0506115231240025e-06
2 8 9.6616693814619e-06
5 8 7.667169734502764e-06
8 36 0.00010631216567293983
8 16 6.740354923336163e-19
6 8 4.3789423278853316e-07
8 35 9.281517362491594e-06
8 28 0.00011175729201113994
8 30 5.166302526438345e-08
118 225 3.726653172078671e-06
225 258 1.8321147996359178e-06
182 225 1.31438396270155e-09
144 225 1.4045839071483088e-05
216 225 3.637646774456459e-38
142 225 8.139506959519476e-05
169 201 2.736437288988505e-20
47 169 2.289875778621293e-06
144 169 3.6326938644717625e-11
169 263 2.5691852426314407e-07
169 203 1.9072615904632638e-19
169 183 6.43862564027769e-37
142 216 0.0001174175989818895
118 284 0.00015742405199269875
284 311 2.8514537499120016e-10
146 284 7.996174188209589e-05
182 284 1.569847627834093e-05
284 299 1.1639524998859901e-22
152 284 2.9285637168098073e-05
162 284 2.8031538869242414e-05
221 284 7.626866290081042e-09
284 306 2.2736117387112677e-12
273 284 3.258423089022379e-28
284 286 3.0866173224627137e-16
284 300 3.306615892847563e-19
182 212 1.4284077410088976e-06
152 212 1.3887943864964021e-11
162 212 9.386620866561456e-16
212 221 3.3008755608205024e-27
131 212 4.286382344815023e-09
202 212 1.0895779468022069e-53
229 274 1.4958023112504932e-08
312 316 7.456392881248812e-25
68 109 1.7055846767380368e-17
68 147 8.20996645750527e-10
68 125 3.583854796545449e-14
68 80 3.89012930392597e-33
68 96 3.3489689840987794e-20
91 92 5.166420632837861e-55
125 221 3.5227947602192294e-07
101 118 9.656971970677036e-07
101 255 5.739088873946875e-05
101 146 1.0506449658778458e-23
101 112 1.31438396270155e-09
101 152 8.337947094201161e-12
101 162 5.775600245718256e-16
101 230 4.153439674188308e-06
101 179 2.1348821645515685e-11
101 174 2.1155200860126956e-12
101 221 6.777106198176576e-07
101 176 2.4532054068136805e-07
95 101 5.835686969397458e-18
80 101 1.1639524998859901e-22
101 129 6.43862564027769e-37
327 329 2.2707365706091647e-27
329 330 2.8875503621930407e-06
328 329 9.07676636045989e-63
118 256 4.090072381741459e-06
256 261 5.952860721557713e-09
182 256 6.169847705359923e-09
256 299 1.932262123247225e-08
152 256 1.3774499187957171e-06
230 256 1.0863896384481233e-13
176 256 7.626866290081042e-09
232 256 1.1973876516897079e-20
256 296 2.7157766094947757e-08
217 256 1.8779957979693853e-18
256 292 5.243531081516474e-12
189 256 1.6542180294593894e-10
240 256 6.846792934981757e-43
256 271 1.3196464712970788e-21
256 267 3.0217078262706742e-12
256 272 2.5240133478372307e-36
182 189 9.538543809319608e-19
118 133 2.8765491466279387e-11
133 258 0.00012530923873517024
133 182 2.2736117387112677e-12
133 152 3.844650216390487e-06
133 144 5.130702513804484e-06
133 140 8.964022105192182e-71
261 305 1.5891538552377608e-05
305 311 2.4015726786715922e-23
146 305 0.0006167893510251592
182 305 0.00017372991835557235
301 305 1.0898504972500427e-79
248 318 0.01416288180795774
201 318 0.0160744443328175
316 318 3.688586806868826e-39
312 318 1.0796701799408688e-16
182 239 1.0788663030635401e-11
232 239 1.568132982994572e-37
216 239 2.7568094973373876e-19
206 239 2.6135297815453016e-18
202 204 1.165687697453548e-32
118 218 5.409091889167842e-07
146 218 1.0044845078861122e-08
218 299 1.2337624230959298e-06
152 218 4.567254294021557e-11
162 218 9.334785523667837e-11
177 218 3.3382377953649984e-15
218 221 8.964022105192182e-71
204 218 1.568132982994572e-37
45 118 0.0019455758995336049
45 201 3.9390423498617e-05
45 67 0.0003711537521904712
45 47 1.5887143694941613e-18
45 144 7.949840223041104e-07
45 65 3.583854796545449e-14
45 50 5.966177293585362e-24
45 46 1.475589460143315e-14
45 55 2.986076568835683e-15
45 58 2.5240133478372307e-36
45 54 3.166953153125969e-51
118 128 2.127595802761831e-15
128 258 0.00026461561618247007
128 182 1.6325766863932024e-14
67 128 2.955132020472003e-14
128 152 5.187830643412482e-07
128 133 3.637646774456459e-38
128 142 0.0001423252074430023
99 118 7.123924946650347e-30
67 99 1.038051276463462e-10
99 152 5.392551439410434e-13
99 167 5.765495784152716e-15
94 99 1.2820178072493165e-36
201 251 5.4074308144820506e-11
251 258 1.475589460143315e-14
197 251 6.747906278881222e-11
242 251 1.741466809206832e-42
118 260 2.834091072676976e-05
146 260 4.690653480707e-06
147 260 3.844650216390487e-06
230 260 6.073373697434422e-20
179 260 4.232327386203782e-08
177 260 4.6125869127441176e-08
221 260 1.1906688719972955e-15
260 284 1.8779957979693853e-18
260 273 1.9265992132689386e-46
316 319 2.2196247365185607e-33
318 319 6.985849652798074e-86
83 118 0.0010112665497004159
83 248 2.0656376112377886e-05
83 201 2.0335339831739497e-07
83 166 4.194641338629916e-07
47 83 1.019520164382229e-09
83 144 2.179482053610931e-13
65 83 3.24136540037967e-12
45 83 8.897127706682064e-12
59 83 2.3839117356405856e-15
83 85 2.6141056306406058e-21
58 83 9.426996840020406e-17
83 86 4.8332197389761457e-45
83 104 1.165687697453548e-32
54 83 7.138384517018144e-15
83 97 5.35165498901307e-23
118 157 4.6125869127441176e-08
152 157 3.994234889887548e-25
157 221 6.386954937313945e-11
141 157 4.73547584975523e-53
118 181 1.628349851227283e-05
181 261 4.768610172731853e-07
166 181 6.287230346791124e-47
181 258 1.4123076368985475e-07
181 182 1.1239850166251425e-06
181 219 4.745867957886187e-08
144 181 3.6326938644717625e-11
181 188 1.3838965267367376e-87
146 237 6.777106198176576e-07
162 237 4.745867957886187e-08
221 237 9.007304137878995e-23
118 198 1.5212137315203023e-07
198 258 7.251374458179648e-06
182 198 2.6230937696692948e-12
198 219 1.79313182927814e-05
152 198 1.8363870031730817e-05
198 232 2.587768036734096e-10
172 198 1.6609620799534913e-21
198 216 4.85156262038246e-28
198 206 2.085981178625835e-21
142 198 3.8189880735593725e-05
322 325 6.370643380060505e-72
118 143 1.9980085867939212e-06
143 311 0.0011576939579904903
143 299 0.0003419500207725683
143 152 1.171744475891854e-12
143 162 9.527206495326892e-32
143 221 1.3562705835016242e-08
143 306 0.0007665572687924265
92 143 7.16512417072345e-17
143 170 4.526663899929759e-30
118 249 6.9519764288050465e-06
147 249 1.256781435021663e-06
162 249 1.6777802265174787e-07
230 249 2.5240133478372307e-36
221 249 1.4763921914683188e-20
218 249 6.313303324921609e-21
249 260 3.688586806868826e-39
90 118 2.2196247365185607e-33
90 182 5.112832513040698e-11
67 90 1.468522301928787e-17
90 152 5.952860721557713e-09
73 90 1.7189468291313447e-38
293 308 3.24136540037967e-12
297 308 2.430820657493943e-14
273 322 0.0016177237368797679
147 298 0.00017372991835557235
298 299 4.800892238919265e-61
221 298 2.0823150224148703e-07
284 298 3.915003559824468e-34
298 300 4.351317477581228e-42
327 332 0.0
118 240 6.641544780541552e-07
177 240 1.1842768481426575e-07
232 240 2.0049413023800807e-26
261 303 1.3703998679105984e-09
293 303 5.653699129979312e-19
296 303 3.268972227930201e-21
213 248 2.7157484323689963e-16
201 213 2.1773642548860402e-28
144 213 1.2284392930227733e-08
213 263 2.1348821645515685e-11
197 213 1.4474718765122363e-28
213 246 3.976366967178202e-16
213 253 1.085293509311068e-14
183 213 1.3196464712970788e-21
169 213 1.978636793306055e-17
199 213 6.846792934981757e-43
205 213 1.3851193699226017e-68
200 213 2.002943102801654e-47
287 301 4.248354255291589e-18
118 229 2.834091072676976e-05
229 261 4.336035852574641e-14
229 262 1.0863896384481233e-13
229 254 4.526663899929759e-30
142 229 1.4045839071483088e-05
201 250 5.750318158891351e-10
182 250 0.0008441833605710782
144 250 6.777106198176576e-07
203 250 1.094252096954677e-10
250 274 5.23387303755986e-14
261 283 2.6230937696692948e-12
283 293 1.8169447929679302e-20
232 283 1.038051276463462e-10
271 283 2.907961102668754e-25
281 283 7.123924946650347e-30
267 283 8.953573596095744e-20
286 301 1.2969504544273597e-13
118 149 1.985750415012094e-07
149 255 4.415205289151062e-06
112 149 7.945629820801878e-11
149 152 1.5887143694941613e-18
149 230 4.355886730264909e-08
149 221 1.208506057372781e-09
149 157 5.166420632837861e-55
72 118 3.0806950219773312e-06
72 146 5.839190209189545e-13
72 147 1.263342317597822e-12
72 152 4.966954849220621e-09
72 162 2.464421574616328e-10
72 177 2.5552837172772693e-08
72 96 4.0055474151043536e-26
271 281 7.456392881248812e-25
267 271 1.8283907281691154e-23
118 120 4.1085303532854035e-23
120 166 6.248749509463097e-07
120 258 0.0004895856095230293
120 182 7.138384517018144e-15
67 120 2.3839117356405856e-15
120 130 3.218142113910223e-60
106 120 1.3421439517911357e-18
118 192 2.8765491466279387e-11
182 192 3.729167553654942e-15
152 192 3.583854796545449e-14
189 192 2.4590410523554544e-74
192 222 6.313303324921609e-21
192 204 2.216934021274026e-18
126 182 3.5977587422359467e-13
281 286 1.3232474055713482e-75
266 281 2.29279210727034e-17
105 182 3.293714110306081e-09
105 123 3.0769874839944985e-18
105 167 6.417559035213535e-15
96 118 7.150407340173494e-06
96 152 2.512518505990959e-09
96 162 4.2358233250168247e-13
109 170 8.29546827064027e-14
112 170 4.286382344815023e-09
152 170 5.765495784152716e-15
131 170 3.42825189879851e-11
125 170 8.222789805316039e-17
300 301 1.688002166386748e-45
221 300 1.591020622909018e-06
300 307 7.187781739060989e-28
118 136 1.0824714665485894e-06
67 136 7.854837812049288e-05
136 152 1.2969504544273597e-13
134 136 3.873968704495626e-95
118 139 2.3722497513654384e-13
139 162 7.573921305785889e-14
139 230 1.111446620951806e-08
139 177 2.0965192203495125e-16
139 167 1.0796701799408688e-16
139 161 4.0055474151043536e-26
137 139 1.8283907281691154e-23
135 139 1.3838965267367376e-87
118 137 1.40973662200191e-26
137 152 1.2629379894279395e-17
126 137 1.5953912355594995e-49
127 137 6.224121387389248e-48
267 281 6.911322431774681e-14
118 130 2.6054428781149375e-31
130 258 0.0005614263605477136
130 182 1.468522301928787e-17
130 148 3.166953153125969e-51
201 242 7.573921305785889e-14
224 242 1.741466809206832e-42
26 47 0.0002682250447708196
26 33 3.255320324485024e-14
26 29 7.042866771920072e-34
26 31 2.839656249902154e-26
22 26 3.5049381559370673e-16
230 234 9.692357071147843e-21
4 47 0.008724817840841476
4 26 1.79313182927814e-05
2 4 3.690603920640239e-09
1 4 2.176462625408315e-06
75 201 1.0417742122509407e-07
47 75 2.6810038677818034e-14
65 75 4.26340421534728e-31
75 108 1.40973662200191e-26
74 75 1.0686179426978942e-41
75 151 3.31339725813694e-13
75 116 3.164267372188623e-22
75 87 8.063647617608365e-52
71 118 8.024104710357219e-19
67 71 2.6538400049588657e-17
71 90 4.26340421534728e-31
57 71 9.007304137878995e-23
71 77 1.1419443074558799e-82
62 166 6.63099669597857e-08
62 67 2.9828053417348683e-06
62 144 3.1701985268039945e-09
45 62 1.3703998679105984e-09
50 62 4.1628236808718556e-15
62 63 2.2196247365185607e-33
46 62 6.313303324921609e-21
40 62 3.0217078262706742e-12
55 62 1.8283907281691154e-23
61 62 2.473485438768128e-22
150 325 0.011467076693511394
311 325 0.0001174175989818895
147 325 0.011674150012407316
299 325 0.0005306127274145929
221 325 0.004855464505468532
273 325 0.0020223927367703483
100 118 4.475425234323163e-24
100 152 1.2031092537721736e-14
100 137 1.5246580905345897e-25
223 230 1.9873573434133558e-52
152 252 2.287765949034092e-07
162 252 1.0151496800367037e-07
221 252 2.085981178625835e-21
111 118 4.914796454682224e-36
111 112 1.673813140112783e-39
67 111 4.5743956235296403e-10
111 152 2.20262630066529e-14
111 161 2.29483703267735e-19
71 111 5.835686969397458e-18
100 111 6.78833259111985e-62
132 152 1.3421439517911357e-18
132 230 1.7612012726820489e-07
132 174 3.268972227930201e-21
118 140 4.3672206155211166e-10
140 182 4.275968578192683e-12
82 140 2.29279210727034e-17
106 140 1.1143831578403364e-29
201 214 6.846792934981757e-43
82 118 7.193798611966066e-10
82 182 1.994082989039875e-08
67 82 1.4763921914683188e-20
82 144 5.130702513804484e-06
82 130 2.8158845373044256e-12
76 82 4.336035852574641e-14
152 186 5.080018941667452e-21
186 192 1.4474718765122363e-28
84 118 1.8779957979693853e-18
118 191 2.8158845373044256e-12
182 191 4.85156262038246e-28
152 191 1.2799328936973197e-10
167 191 5.627568882853384e-26
255 259 1.1769109439216723e-34
230 259 2.4948189087365136e-24
249 259 9.07676636045989e-63
259 273 1.8048513878454153e-35
182 206 2.6141056306406058e-21
148 182 4.475425234323163e-24
118 173 4.585574854053304e-05
173 261 2.9828053417348683e-06
173 248 2.448838712132223e-06
166 173 8.016648014070287e-39
51 118 2.3418005011610603e-07
51 67 5.4236176738789346e-17
51 82 2.430820657493943e-14
272 283 1.8973749206897916e-15
266 272 9.386620866561456e-16
218 235 1.568132982994572e-37
118 158 4.475425234323163e-24
158 182 1.5548863390649953e-27
152 158 2.8765491466279387e-11
158 161 1.046141055571318e-21
148 158 6.287230346791124e-47
158 171 2.0490686062927294e-59
113 152 9.426996840020406e-17
113 174 1.3393722746414879e-15
73 118 1.8169447929679302e-20
73 94 2.1565577512622233e-34
71 73 1.718591656056264e-145
69 73 3.9638684531285136e-57
73 77 9.197309610209349e-168
162 243 1.3562705835016242e-08
221 243 4.85156262038246e-28
117 152 2.6791350840891377e-29
76 144 1.3124037996250196e-08
47 59 9.007304137878995e-23
59 144 1.5591089306055376e-07
45 59 2.6791350840891377e-29
54 59 3.688586806868826e-39
93 118 1.9072615904632638e-19
93 152 2.3839117356405856e-15
93 100 3.9529265433611236e-93
108 201 2.8514537499120016e-10
65 108 7.138384517018144e-15
78 79 1.159759535249367e-69
110 152 3.2929696754790676e-10
110 162 6.529474875782339e-16
152 210 2.2736117387112677e-12
81 118 0.00019841511329933597
81 144 2.0965192203495125e-16
81 85 1.1449083919109746e-63
50 67 9.686966164112177e-05
50 144 5.166302526438345e-08
224 261 0.0001647961349514841
201 224 6.237090109919826e-17
183 224 1.4159594988487774e-13
182 220 5.23387303755986e-14
190 230 7.138384517018144e-15
177 190 6.224121387389248e-48
190 202 4.73547584975523e-53
53 166 6.377399520386591e-07
53 67 5.71749265668982e-11
53 144 4.282646358443065e-06
53 82 1.4667729457744101e-12
41 53 1.1185526227414102e-30
63 166 2.396940690520362e-07
63 67 1.8583319375923214e-05
63 144 8.576485443414874e-10
45 63 1.829411058136974e-12
50 63 3.346744819633842e-24
46 63 2.2707365706091647e-27
55 63 1.5953912355594995e-49
33 47 1.4045839071483088e-05
29 33 2.6135297815453016e-18
32 33 3.688586806868826e-39
52 67 4.1085303532854035e-23
69 118 4.507183430789648e-16
69 71 1.9873573434133558e-52
57 69 1.1639524998859901e-22
85 261 0.0003852433982732059
85 144 2.29279210727034e-17
85 97 1.3851193699226017e-68
163 182 3.301288380693275e-40
261 294 2.6810038677818034e-14
46 67 2.9285637168098073e-05
46 144 1.6777802265174787e-07
46 50 7.123924946650347e-30
46 55 5.559779479953796e-49
115 152 2.29483703267735e-19
103 115 5.15203075068538e-115
106 118 9.844976927930223e-11
82 106 3.688586806868826e-39
103 152 9.426996840020406e-17
39 47 3.915003559824468e-34
39 65 6.417559035213535e-15
39 142 6.293155748818261e-06
6 13 4.26340421534728e-31
7 13 9.527206495326892e-32
13 21 4.8332197389761457e-45
13 18 1.0898504972500427e-79
13 17 4.14559001356413e-73
12 13 7.124576406741286e-218
13 20 1.673813140112783e-39
13 19 1.9265992132689386e-46
10 13 1.5007633523411516e-189
9 13 1.1419443074558799e-82
13 14 0.0
13 15 0.0
266 286 1.6325766863932024e-14
266 271 2.643075793994201e-43
266 267 1.8850881309078352e-48
182 226 5.243531081516474e-12
220 226 1.3851193699226017e-68
79 118 4.248354255291589e-18
67 79 3.3836494970829565e-32
208 258 3.6326938644717625e-11
152 187 3.306615892847563e-19
44 67 6.319995957188223e-13
41 67 4.788310878869854e-09
201 228 1.5887143694941613e-18
228 236 2.486632150389903e-132
261 282 3.3489689840987794e-20
47 142 8.268833193807537e-07
142 144 4.1085303532854035e-23
65 142 2.5552837172772693e-08
45 142 2.3418005011610603e-07
76 142 8.767873093346923e-07
121 142 1.2458829291275567e-07
321 323 6.370643380060505e-72
98 144 3.050063484180203e-13
76 98 5.141085288141212e-22
8 27 4.2358233250168247e-13
56 59 2.0951748332938543e-56
40 144 1.0824714665485894e-06
40 45 7.456392881248812e-25
40 50 2.2196247365185607e-33
40 46 9.870573823300792e-27
40 55 1.9287498479639178e-22
74 201 1.5212137315203023e-07
42 47 1.5953912355594995e-49
138 201 9.080790714229484e-14
138 183 6.826690305985728e-18
124 138 7.17776479879731e-58
151 201 1.8394698956718364e-16
65 151 1.1103875915104313e-09
66 151 5.112832513040698e-11
261 268 4.26340421534728e-31
118 154 2.6791350840891377e-29
154 182 7.456392881248812e-25
154 164 8.964022105192182e-71
154 171 1.1769109439216723e-34
193 201 1.159759535249367e-69
102 118 3.9599658874724817e-19
102 182 3.24136540037967e-12
102 120 3.218142113910223e-60
102 107 1.2052968848554672e-50
316 317 7.849245120792229e-156
314 317 2.304856628971523e-121
88 118 2.6054428781149375e-31
29 47 0.00014799350775605212
55 144 1.5450700253303003e-08
50 55 1.673813140112783e-39
184 293 4.9149940564719066e-05
231 258 3.3008755608205024e-27
118 153 4.274056139508474e-05
153 248 7.251374458179648e-06
67 153 5.770648015051028e-06
153 293 0.00019554702901007447
153 203 4.090072381741459e-06
3 5 7.16512417072345e-17
118 164 2.6141056306406058e-21
164 182 1.1769109439216723e-34
8 24 3.2344103876461285e-11
23 24 3.720075976020836e-44
118 134 2.2137263451362523e-06
261 277 2.5240133478372307e-36
47 58 8.323969676981166e-16
58 65 1.6907478616437158e-15
58 59 2.5806592447700105e-41
56 58 7.456392881248812e-25
54 58 2.304856628971523e-121
180 182 1.9265992132689386e-46
269 270 8.238768756237629e-125
57 118 1.038051276463462e-10
57 70 1.5002260015545725e-22
47 54 1.2353135912251877e-16
107 118 7.123924946650347e-30
47 48 2.5806592447700105e-41
48 65 3.268972227930201e-21
48 49 3.326464835504907e-91
327 330 2.2653704489793502e-05
45 61 4.1628236808718556e-15
50 61 4.914796454682224e-36
61 63 9.07676636045989e-63
40 61 1.132262251975803e-18
55 61 1.5133106001263552e-65
182 211 1.0135139462783798e-24
182 209 2.29279210727034e-17
206 209 1.3232474055713482e-75
327 328 2.002943102801654e-47
97 104 4.351317477581228e-42
118 155 2.1773642548860402e-28
1 8 5.849386424330297e-05
1 2 1.094252096954677e-10
199 201 4.800892238919265e-61
122 163 1.8169447929679302e-20
16 22 1.085293509311068e-14
118 145 1.9287498479639178e-22
145 182 1.1639524998859901e-22
130 145 6.78833259111985e-62
145 148 2.0490686062927294e-59
65 116 7.573921305785889e-14
108 116 8.964022105192182e-71
74 116 4.038156605301849e-22
116 151 4.85156262038246e-28
66 116 9.426996840020406e-17
47 60 1.132262251975803e-18
60 65 4.9891093927950183e-20
59 60 3.873968704495626e-95
56 60 9.467851976658794e-36
58 60 1.1449083919109746e-63
54 60 1.2052968848554672e-50
60 64 3.326464835504907e-91
49 60 3.196431385232883e-37
29 31 1.8048513878454153e-35
31 32 1.0029592274094516e-101
321 324 1.3838965267367376e-87
65 87 3.3489689840987794e-20
66 87 1.4474718765122363e-28
194 221 1.046141055571318e-21
165 201 2.085981178625835e-21
130 160 4.526663899929759e-30
182 195 1.568132982994572e-37
155 171 6.287230346791124e-47
6 7 9.007304137878995e-23
7 8 1.260442132544831e-09
8 38 0.0021012389890612305
36 38 1.2284392930227733e-08
37 38 8.20996645750527e-10
25 26 6.426664538149708e-77
35 36 1.9072615904632638e-19
28 35 6.043747449593367e-11
150 320 0.009406488364337657
311 320 3.262021034666128e-05
147 320 0.009571163865233455
320 324 3.759204430317811e-81
182 207 1.7329100998027503e-29
195 207 1.3232474055713482e-75
64 65 1.8283907281691154e-23
59 64 6.426664538149708e-77
118 168 4.230973086919021e-05
168 258 1.938947131441726e-07
144 168 3.0866173224627137e-16
201 205 1.3547854219908462e-44
47 49 6.295926026509932e-29
49 56 1.2052968848554672e-50
8 37 0.006721114764534838
8 34 2.448838712132223e-06
124 201 2.2673961471567363e-11
17 19 5.15203075068538e-115
17 20 1.1419443074558799e-82
19 20 5.312364080113972e-242
30 34 2.4948189087365136e-24
10 12 0.0
9 10 1.718591656056264e-145
9 12 4.198682153294429e-118
11 13 2.486632150389903e-132
10 11 0.0
9 11 3.9211848562023366e-198
315 316 0.0
315 317 3.9211848562023366e-198
