0 66
1 1236
1 1309
2 681
3 3
3 229
3 416
3 493
3 723
3 725
3 846
3 1040
3 1339
4 90
4 399
4 1314
4 1360
5 1101
6 6
6 11
6 67
6 96
6 241
6 388
6 459
6 494
6 504
6 531
6 569
6 635
6 639
6 716
6 763
6 767
6 829
6 869
6 885
6 902
6 934
6 958
6 965
6 985
6 1021
6 1032
6 1085
6 1164
6 1356
6 1374
6 1395
6 1455
6 1456
6 1469
6 1529
7 340
8 1234
9 399
10 96
10 110
10 354
10 540
10 585
10 599
10 639
10 714
10 725
10 744
10 935
10 942
10 985
10 1100
10 1316
10 1371
10 1379
11 142
11 167
11 336
11 800
11 840
11 1167
11 1194
11 1238
12 61
12 224
12 317
12 1199
12 1501
13 1309
14 31
14 1216
15 92
15 340
15 1517
16 25
16 792
17 399
17 424
17 569
17 1360
17 1465
18 265
18 307
18 367
18 456
18 689
18 879
18 897
18 969
18 1021
18 1199
18 1214
18 1331
18 1362
18 1514
19 95
19 891
19 1060
20 659
21 229
22 22
22 113
22 705
23 635
24 741
25 136
25 1020
25 1173
25 1233
26 155
26 244
27 1429
28 1055
29 267
30 181
30 822
31 1407
32 661
32 1311
33 1311
34 51
34 191
34 331
34 585
34 596
34 624
34 708
34 725
34 757
34 865
34 921
34 1130
34 1176
34 1327
34 1371
34 1378
35 1179
36 317
36 1339
37 1002
38 137
38 197
38 355
38 629
38 705
38 981
39 624
40 153
40 640
40 737
41 181
41 569
41 996
41 1173
41 1234
41 1311
42 42
43 968
44 186
44 569
44 1508
45 345
45 1258
45 1331
45 1465
46 1313
46 1443
47 209
48 1309
49 49
49 167
50 356
50 400
50 582
50 643
52 172
52 194
52 278
52 313
52 318
52 399
52 677
52 736
52 810
52 879
52 965
52 1140
52 1234
52 1325
52 1329
52 1425
53 274
54 106
54 163
54 803
54 1041
55 307
55 431
55 666
55 759
56 1309
57 104
57 1498
58 1489
59 998
60 1122
61 1111
62 785
63 399
63 569
64 291
65 110
66 148
66 166
66 190
66 328
66 379
66 515
66 574
66 655
66 1047
66 1115
66 1182
66 1212
66 1273
66 1319
66 1406
66 1484
66 1493
67 363
67 639
67 653
67 683
67 706
67 970
67 1021
67 1068
67 1124
67 1174
67 1281
67 1521
68 1396
69 493
70 799
70 934
71 1234
72 108
72 181
72 229
72 345
72 406
72 417
72 705
72 965
72 1021
72 1140
72 1173
72 1234
73 318
74 611
74 705
74 1173
74 1234
74 1298
75 846
76 802
77 445
78 1438
79 1223
80 262
81 229
82 1360
83 635
83 934
83 984
84 1491
85 155
86 94
86 126
86 364
87 584
88 145
88 153
88 385
88 424
88 495
88 598
88 737
88 803
88 869
88 1055
88 1467
89 1309
90 90
90 92
90 168
90 176
90 184
90 266
90 309
90 342
90 412
90 414
90 425
90 479
90 525
90 538
90 568
90 733
90 734
90 772
90 776
90 805
90 806
90 827
90 888
90 930
90 934
90 973
90 1091
90 1129
90 1185
90 1204
90 1307
90 1333
90 1358
90 1378
90 1384
90 1396
90 1435
90 1458
90 1468
90 1470
90 1506
91 891
91 1258
91 1331
92 129
92 200
92 211
92 265
92 307
92 313
92 318
92 406
92 413
92 456
92 487
92 496
92 535
92 569
92 581
92 597
92 605
92 637
92 684
92 705
92 706
92 829
92 851
92 865
92 897
92 965
92 984
92 1057
92 1085
92 1101
92 1140
92 1173
92 1214
92 1234
92 1248
92 1298
92 1314
92 1331
92 1438
92 1465
92 1501
93 569
93 1386
94 1443
96 172
96 343
96 598
96 829
96 965
96 1298
96 1365
97 108
98 1309
99 735
99 862
99 979
99 1090
99 1173
99 1334
100 804
100 1360
101 101
101 705
102 181
102 519
102 705
102 1172
102 1173
102 1194
102 1234
102 1360
102 1429
102 1465
103 1236
105 105
105 552
105 1065
105 1195
105 1320
107 1241
108 108
108 596
108 711
108 921
108 1012
108 1133
108 1182
109 637
109 764
109 851
109 1055
109 1234
110 723
110 758
110 1330
110 1497
111 111
111 490
111 598
111 800
111 1327
111 1517
112 144
113 113
113 522
114 495
115 1058
116 399
116 433
117 1465
118 687
119 165
119 800
120 267
120 1097
121 456
122 153
122 934
122 1360
123 406
123 451
123 503
123 713
123 737
123 881
123 1133
123 1172
123 1173
124 399
124 930
125 635
125 934
125 1283
125 1313
125 1425
126 168
126 1331
126 1443
127 145
127 265
127 356
127 640
127 810
127 1350
128 1234
129 129
129 551
129 855
129 1126
130 174
131 1208
132 500
133 569
133 1329
134 1160
135 242
135 1311
136 279
136 416
136 456
136 503
136 611
137 1039
138 307
139 210
140 145
140 607
141 879
142 336
142 582
142 717
142 773
142 1001
142 1117
142 1192
142 1390
142 1395
143 569
145 200
145 549
145 612
145 1356
146 685
146 1104
147 1045
149 438
149 569
150 150
151 569
152 152
152 930
152 1220
152 1517
153 317
153 530
153 980
153 1225
153 1314
153 1316
153 1379
153 1482
154 154
154 1121
155 299
155 1173
156 1309
157 803
158 611
158 681
158 791
158 1392
159 399
159 1329
160 362
160 920
161 348
161 518
161 764
161 1058
162 172
162 1055
162 1234
162 1325
163 313
163 399
163 504
163 569
164 399
165 239
165 265
165 457
165 611
165 635
165 692
165 764
165 934
165 984
165 1101
165 1194
165 1234
165 1329
165 1420
165 1465
167 270
167 287
167 307
167 433
167 487
167 569
167 684
167 850
168 284
168 327
168 441
168 455
168 635
168 934
168 1007
168 1329
168 1360
169 1368
170 228
171 1262
172 172
172 258
172 260
172 267
172 573
172 598
172 669
172 1175
172 1234
172 1325
173 265
174 306
174 356
174 598
174 692
174 737
175 1105
175 1309
177 507
178 934
178 1101
178 1501
179 247
179 931
179 1456
180 1023
180 1025
180 1378
180 1517
181 191
181 585
181 708
181 767
181 881
181 929
181 1103
181 1130
181 1142
181 1371
181 1374
182 982
183 224
185 185
185 1234
185 1298
187 1331
188 1173
189 493
191 569
191 611
191 705
191 1101
191 1107
191 1173
191 1298
191 1311
192 473
192 562
192 732
192 976
192 1072
192 1309
192 1378
193 851
194 1206
195 1314
195 1360
195 1516
196 1174
198 363
198 1465
199 1271
200 504
200 1124
201 985
202 395
202 1498
203 203
203 536
204 1179
205 399
206 635
206 799
206 934
206 1313
207 1424
208 321
209 359
209 534
209 624
209 934
209 975
209 996
209 1055
209 1465
211 211
211 439
211 596
211 725
211 1064
211 1301
211 1378
211 1482
211 1517
212 429
212 603
212 1031
213 1232
214 550
214 949
214 1082
215 376
215 793
215 1108
215 1234
216 1155
217 217
218 569
219 1504
219 1507
220 705
220 1290
221 1176
221 1300
222 1219
222 1234
223 223
224 504
225 268
226 1379
227 282
228 228
229 275
229 297
229 299
229 334
229 449
229 469
229 489
229 585
229 621
229 671
229 708
229 767
229 768
229 879
229 929
229 1071
229 1099
229 1110
229 1130
229 1142
229 1168
229 1209
229 1218
229 1249
229 1277
229 1309
229 1349
229 1374
229 1409
230 289
230 1234
231 519
231 706
231 984
231 1055
231 1417
232 493
233 260
233 1325
234 1238
234 1471
235 874
235 1250
236 334
236 725
236 1314
236 1391
237 725
238 267
239 581
239 597
239 624
239 1076
239 1331
239 1429
240 1211
240 1216
240 1331
241 705
241 1313
242 573
242 598
242 930
242 1118
242 1149
243 681
245 417
245 639
245 871
246 849
248 248
248 660
248 930
248 1498
249 1037
249 1438
250 1471
251 287
252 1080
252 1081
253 487
254 399
254 1360
255 328
255 852
255 1068
256 1234
257 421
258 839
259 738
261 587
262 1022
263 1174
263 1234
264 298
264 1480
265 265
265 314
265 469
265 478
265 489
265 493
265 582
265 596
265 598
265 731
265 767
265 930
265 964
265 1327
266 1480
267 280
267 389
267 394
267 723
267 779
267 889
267 986
267 1055
267 1110
267 1128
267 1302
267 1334
267 1344
267 1391
267 1471
267 1501
267 1523
268 1331
269 906
270 413
270 573
271 1339
271 1479
272 336
272 1465
273 358
274 306
274 465
275 1101
275 1234
275 1490
276 394
276 542
276 715
277 1120
278 745
278 1248
278 1372
278 1475
279 279
279 451
279 503
279 881
279 912
279 930
279 1174
279 1238
281 1107
281 1284
282 625
283 493
285 1491
286 703
286 783
286 1287
286 1331
287 287
287 730
287 1309
288 750
289 289
289 1242
289 1263
289 1309
290 321
290 1309
291 1028
292 635
293 1068
293 1074
294 1101
295 1331
296 523
296 600
297 569
297 1192
297 1395
298 434
298 446
298 472
298 516
298 658
298 740
298 953
298 1194
298 1207
298 1215
299 299
299 598
299 634
299 1074
299 1087
299 1234
300 705
301 399
302 1465
303 1309
304 399
304 960
305 943
306 433
306 995
307 307
307 369
307 598
307 676
307 729
307 930
307 1009
307 1238
307 1252
307 1378
307 1517
308 847
310 399
311 343
311 807
312 356
313 353
313 360
313 427
313 567
313 598
313 692
313 766
313 767
313 771
313 807
313 810
313 910
313 1060
313 1133
313 1208
313 1265
313 1300
313 1308
313 1309
313 1356
313 1378
313 1452
313 1456
313 1517
315 611
316 1360
317 363
317 370
317 399
317 1194
317 1360
317 1465
318 443
318 640
318 810
318 881
318 1314
319 635
319 1021
319 1234
319 1299
319 1438
320 1234
321 357
321 844
321 1465
322 1379
323 1234
323 1465
324 1231
325 1309
326 791
326 1309
328 762
328 821
328 1155
329 336
330 399
330 1055
330 1360
330 1465
331 613
331 624
332 1331
333 1360
334 569
334 635
334 723
334 934
334 1175
334 1234
335 1309
336 791
336 1059
336 1153
336 1472
337 548
337 1477
338 725
339 399
340 804
340 1194
340 1360
340 1465
341 341
341 1234
341 1298
343 985
343 1291
344 344
345 401
345 530
345 565
345 585
345 595
345 598
345 945
345 1125
345 1130
345 1142
345 1200
345 1248
345 1309
345 1356
345 1371
345 1396
345 1428
345 1456
345 1517
346 605
346 1173
346 1360
347 1360
348 573
349 349
349 499
350 390
351 491
351 605
352 358
353 635
353 1234
356 810
356 857
356 890
356 1041
356 1173
356 1371
358 1238
358 1353
359 905
359 1435
360 737
360 1038
360 1300
360 1366
361 901
362 496
363 399
363 436
363 1225
363 1238
363 1465
364 1443
365 456
366 1412
367 406
367 417
367 496
367 506
367 569
367 1234
367 1298
367 1331
367 1360
367 1446
367 1465
368 664
370 621
370 686
370 1149
370 1260
370 1379
371 1300
372 569
372 1203
372 1331
373 1309
374 374
374 1366
375 410
377 377
377 1309
378 451
378 725
378 800
378 1173
378 1234
378 1298
378 1334
380 416
380 764
380 1500
381 381
382 610
383 400
383 475
383 569
384 1034
385 456
385 519
385 545
385 617
385 833
385 1105
385 1309
385 1360
385 1417
386 1309
387 569
387 823
388 1165
389 677
389 1035
390 1341
390 1517
391 1422
392 1340
393 1041
393 1234
394 598
394 705
394 743
396 637
396 851
396 1055
396 1309
397 639
397 934
398 1055
399 399
399 422
399 436
399 513
399 529
399 530
399 531
399 554
399 564
399 568
399 573
399 608
399 621
399 630
399 654
399 753
399 755
399 761
399 763
399 798
399 835
399 847
399 867
399 930
399 937
399 955
399 983
399 991
399 1013
399 1048
399 1049
399 1050
399 1051
399 1075
399 1110
399 1115
399 1132
399 1136
399 1153
399 1158
399 1170
399 1171
399 1175
399 1200
399 1205
399 1222
399 1225
399 1254
399 1265
399 1289
399 1295
399 1309
399 1323
399 1361
399 1364
399 1371
399 1387
399 1388
399 1393
399 1399
399 1408
399 1409
399 1415
399 1432
399 1435
399 1461
399 1482
399 1485
399 1509
400 541
400 689
400 1194
400 1279
402 569
403 634
404 404
405 405
406 947
406 1200
406 1371
407 668
407 1160
408 681
409 409
409 433
409 665
409 666
409 797
409 1379
411 1487
413 413
413 585
413 640
413 976
413 1052
413 1124
413 1175
413 1374
413 1379
415 1465
416 416
416 577
416 598
416 622
416 1173
416 1176
416 1277
417 469
417 489
417 531
417 621
417 708
417 723
417 929
417 965
417 1222
417 1234
417 1288
417 1456
418 696
419 1137
420 681
421 440
422 1360
423 1360
424 442
424 504
425 1194
425 1360
425 1465
426 1491
427 1234
428 1448
429 534
429 1313
429 1334
430 585
430 1101
432 705
433 598
433 666
433 676
433 1238
435 685
435 1227
436 934
436 1465
437 1234
437 1426
438 1443
439 804
439 897
441 764
442 537
442 569
442 850
442 1085
442 1101
442 1460
442 1480
442 1483
442 1501
444 1331
445 1088
447 532
448 1221
450 450
451 611
451 1172
451 1173
451 1176
451 1234
451 1334
451 1522
452 609
452 1016
452 1272
453 924
454 705
455 939
456 456
456 471
456 825
456 984
456 999
456 1109
456 1441
456 1450
457 1234
458 458
459 610
459 984
459 1005
459 1234
460 1285
461 560
462 1230
463 1309
463 1331
464 860
466 705
466 1306
467 1331
468 1276
469 626
469 1173
470 583
471 611
471 1331
472 657
472 1391
474 1438
475 541
476 1323
477 681
477 967
478 1234
480 584
481 1080
482 640
482 810
482 1234
483 705
483 1173
483 1176
483 1234
484 718
485 485
485 486
485 1062
485 1342
487 487
487 1197
487 1378
487 1517
488 555
489 569
489 611
489 632
489 705
489 1173
489 1234
492 933
493 495
493 541
493 575
493 585
493 663
493 755
493 757
493 921
493 1000
493 1077
493 1101
493 1190
493 1269
493 1288
493 1371
493 1379
493 1492
493 1503
494 539
494 1001
495 504
495 598
495 1173
495 1277
496 1070
496 1378
497 1456
498 779
501 1144
502 1230
503 523
503 737
503 1016
503 1356
503 1451
503 1460
503 1476
504 799
504 804
504 851
504 869
504 1055
504 1371
504 1471
505 1309
506 666
506 1021
506 1198
506 1220
506 1437
508 1021
508 1108
508 1298
509 551
510 1167
511 1367
512 1360
513 569
513 705
513 1234
514 573
514 1076
515 1360
515 1465
517 758
517 959
518 1309
519 1309
519 1313
520 1449
521 1234
524 934
525 934
526 596
526 730
526 769
526 935
526 1211
526 1324
526 1334
526 1398
526 1411
527 1216
528 1101
529 605
529 804
530 1194
530 1234
531 569
531 705
531 934
531 1101
531 1234
531 1311
531 1360
531 1391
532 1455
533 699
535 535
535 1027
535 1523
538 1173
539 539
539 722
539 1238
539 1378
539 1517
541 651
541 1234
542 701
542 1331
543 632
544 1131
544 1283
545 1214
546 1136
546 1334
547 705
547 1199
547 1234
547 1391
550 770
550 799
550 1360
550 1417
551 814
551 829
551 1021
551 1068
551 1450
552 1320
553 1331
555 1238
556 952
557 578
558 1055
558 1314
559 786
561 1183
562 1464
563 1057
564 1234
565 569
566 664
568 1360
569 569
569 573
569 585
569 598
569 701
569 705
569 719
569 732
569 763
569 767
569 812
569 829
569 830
569 852
569 867
569 870
569 935
569 938
569 944
569 947
569 1110
569 1127
569 1130
569 1140
569 1142
569 1143
569 1180
569 1183
569 1187
569 1193
569 1217
569 1249
569 1274
569 1288
569 1323
569 1366
569 1371
569 1378
569 1444
569 1456
569 1517
570 1120
571 1501
572 1309
573 846
573 934
573 1101
576 1331
579 1234
580 1309
581 581
581 598
581 1517
582 879
582 1172
582 1173
582 1420
583 644
583 647
583 1298
583 1463
584 934
584 1314
584 1360
584 1465
585 610
585 611
585 624
585 661
585 1038
585 1173
585 1194
585 1203
585 1234
585 1311
585 1501
586 1234
586 1451
588 1331
589 1234
589 1313
589 1318
590 1003
591 1309
592 947
592 1517
593 635
594 1465
594 1498
596 675
596 705
596 1101
596 1173
596 1234
596 1501
597 597
597 1378
597 1517
598 598
598 632
598 639
598 666
598 705
598 723
598 767
598 846
598 851
598 879
598 897
598 934
598 965
598 969
598 985
598 1021
598 1031
598 1054
598 1057
598 1085
598 1101
598 1121
598 1157
598 1176
598 1199
598 1234
598 1286
598 1298
598 1325
598 1356
598 1420
598 1432
598 1454
598 1514
600 689
601 623
602 1005
604 723
605 605
605 674
605 707
605 774
605 775
605 948
605 1101
605 1158
606 1298
609 926
610 610
610 654
610 748
611 611
611 725
611 742
611 767
611 793
611 847
611 852
611 973
611 1067
611 1113
611 1130
611 1160
611 1172
611 1173
611 1189
611 1277
611 1300
611 1308
611 1327
611 1334
611 1366
611 1428
611 1475
612 1300
613 1191
613 1258
614 711
614 1425
615 816
615 963
615 1264
615 1423
616 705
617 1313
618 1234
619 619
620 1292
621 705
621 1194
621 1234
621 1465
623 1499
624 725
624 1213
624 1371
624 1379
624 1391
624 1502
626 934
626 1517
627 856
628 628
628 1074
629 985
631 934
632 632
632 761
632 813
632 915
632 1244
632 1517
633 635
633 865
633 958
634 879
635 635
635 761
635 934
635 946
635 1114
635 1146
635 1194
635 1210
635 1294
635 1309
635 1313
635 1332
635 1366
635 1434
636 801
636 1437
637 763
637 767
637 851
637 1055
637 1222
637 1386
637 1517
638 1216
638 1405
639 639
639 814
639 915
639 1061
639 1222
639 1325
639 1460
639 1494
640 640
640 647
640 742
640 999
640 1309
640 1387
641 1378
642 934
643 797
645 1157
646 1438
647 927
648 1471
649 1360
650 692
652 849
652 994
656 1317
656 1394
656 1397
656 1430
656 1431
656 1512
656 1513
656 1515
656 1518
656 1520
656 1525
656 1527
656 1528
661 793
661 795
661 1396
662 1234
662 1331
662 1465
666 666
666 676
666 1145
666 1238
667 917
670 670
671 1234
672 672
673 687
673 1309
675 1199
677 677
677 1035
677 1314
677 1356
678 1374
679 1461
679 1509
680 1309
681 681
681 914
681 922
681 961
681 966
681 1194
681 1246
681 1252
681 1255
681 1259
681 1334
681 1354
681 1433
682 885
682 1236
684 1234
685 1104
685 1313
685 1438
688 1173
689 859
690 690
690 934
691 1360
692 692
692 993
693 1309
694 694
694 1238
694 1517
695 1174
697 1176
697 1326
697 1465
697 1486
698 723
699 938
700 834
700 985
700 1356
701 804
701 1360
701 1435
701 1465
702 702
702 742
704 1101
705 705
705 708
705 747
705 767
705 913
705 945
705 977
705 999
705 1013
705 1050
705 1130
705 1142
705 1188
705 1222
705 1265
705 1267
705 1295
705 1313
705 1366
705 1387
705 1456
705 1488
708 965
708 984
708 1214
708 1395
709 1309
710 1030
711 831
712 1334
716 934
718 1360
720 1309
721 1027
721 1234
722 1140
723 723
723 1107
723 1240
723 1277
723 1366
723 1502
724 1331
725 756
725 1107
725 1173
725 1209
725 1234
725 1366
726 785
727 1331
728 1309
731 810
732 764
732 1018
732 1090
732 1234
732 1311
732 1460
735 1379
737 1172
737 1173
737 1176
739 1309
741 1274
742 879
742 1234
743 879
744 1234
744 1460
745 794
745 1270
746 901
747 981
749 1298
749 1325
751 784
751 1213
752 781
753 1360
753 1465
754 1122
756 756
757 800
757 1173
757 1234
758 1101
759 1238
760 760
761 934
763 984
763 1311
763 1465
764 764
765 1309
767 851
767 965
767 1101
767 1199
767 1234
767 1334
767 1360
767 1438
767 1501
770 770
770 815
770 1378
770 1412
773 773
773 1167
773 1192
773 1380
774 1331
777 911
778 984
779 1309
780 1112
781 877
781 1159
781 1380
782 1465
783 783
787 887
788 1309
789 1517
790 840
790 1086
791 1118
793 810
793 1173
794 934
794 1128
794 1313
795 795
795 1236
795 1316
796 1309
796 1427
799 972
799 1189
799 1309
799 1378
799 1467
803 1322
803 1418
804 1178
804 1225
804 1314
804 1360
804 1465
808 1228
809 1491
810 810
810 847
810 1325
811 1035
817 1313
818 828
819 1094
819 1096
819 1474
820 1188
824 1201
825 1194
825 1465
826 978
829 1378
829 1517
831 1309
831 1425
832 832
835 1144
835 1360
835 1465
836 1248
837 1309
838 1309
839 1234
840 965
841 1298
842 1203
843 1331
845 1234
846 846
846 1238
847 1173
847 1234
847 1313
848 1413
850 850
850 988
851 1055
851 1146
852 1060
853 928
853 1010
853 1346
854 1429
857 1234
858 1331
859 1331
860 1230
861 1027
861 1424
863 1234
864 1429
865 865
865 1517
866 1426
868 879
869 972
869 1105
869 1277
869 1309
871 1306
871 1395
872 1199
873 873
875 875
876 1313
878 1359
879 879
879 1092
879 1093
879 1234
879 1238
879 1308
879 1383
880 1321
881 881
881 1234
881 1237
881 1526
882 1042
883 1081
883 1309
884 1138
885 886
885 1313
886 1202
890 1305
892 1309
893 1331
894 1194
894 1465
895 1173
896 1331
897 897
897 930
897 1378
898 1309
899 1220
899 1494
899 1516
900 1169
903 1256
904 904
907 1309
908 1309
909 1234
912 1235
913 1360
913 1465
915 1021
915 1337
916 1223
918 1438
919 1345
921 1199
921 1234
923 1334
925 1211
925 1220
927 940
928 1424
929 1234
929 1298
930 1072
930 1085
930 1184
930 1203
930 1236
930 1282
930 1453
930 1480
932 1274
932 1466
934 934
934 1033
934 1050
934 1061
934 1124
934 1146
934 1158
934 1175
934 1185
934 1280
934 1309
934 1313
934 1379
934 1387
934 1399
934 1434
935 1360
936 965
937 1360
939 1238
941 984
944 1461
944 1509
945 1173
945 1194
950 1403
951 1313
952 1498
954 965
955 1465
956 1234
957 1238
958 1378
962 1238
962 1309
964 1309
965 965
965 985
965 1222
965 1374
965 1447
965 1502
967 967
967 1066
969 969
969 1118
969 1514
971 974
973 1027
973 1313
973 1471
974 974
974 1036
974 1375
974 1378
976 976
981 1274
983 1234
983 1465
984 1021
984 1222
984 1335
984 1447
985 1021
985 1344
987 1281
988 988
988 1238
989 1304
990 1465
992 1101
996 1266
997 1309
998 998
999 1313
999 1489
1000 1331
1004 1443
1005 1005
1005 1160
1006 1331
1007 1339
1008 1438
1010 1173
1011 1443
1012 1234
1013 1234
1013 1309
1014 1014
1015 1360
1015 1465
1016 1021
1016 1234
1017 1309
1019 1199
1021 1021
1021 1079
1021 1127
1021 1374
1024 1436
1026 1234
1027 1245
1028 1379
1029 1309
1030 1152
1031 1234
1039 1039
1039 1296
1040 1101
1041 1209
1041 1356
1041 1374
1042 1174
1042 1234
1043 1101
1043 1219
1044 1475
1046 1234
1046 1481
1049 1234
1052 1391
1053 1053
1054 1334
1055 1055
1056 1447
1057 1057
1057 1060
1058 1058
1060 1309
1062 1234
1063 1465
1065 1320
1067 1172
1067 1173
1067 1234
1067 1360
1068 1378
1069 1331
1070 1331
1073 1281
1074 1214
1076 1309
1078 1443
1079 1234
1079 1351
1080 1366
1080 1384
1083 1298
1084 1312
1085 1085
1085 1378
1085 1517
1087 1429
1089 1401
1092 1500
1093 1331
1095 1234
1097 1133
1098 1331
1101 1247
1101 1327
1101 1378
1101 1445
1101 1459
1102 1416
1103 1216
1104 1104
1104 1378
1105 1105
1105 1378
1106 1256
1107 1374
1107 1379
1108 1147
1108 1360
1109 1331
1114 1184
1114 1453
1116 1309
1118 1311
1118 1514
1119 1438
1120 1120
1120 1517
1122 1496
1123 1313
1124 1360
1124 1417
1127 1234
1128 1128
1128 1309
1128 1489
1130 1172
1130 1173
1130 1194
1130 1234
1130 1298
1130 1311
1130 1465
1130 1522
1131 1313
1132 1465
1134 1238
1134 1517
1135 1234
1137 1414
1138 1138
1139 1360
1139 1465
1140 1200
1140 1456
1141 1460
1142 1194
1142 1234
1146 1360
1147 1253
1148 1309
1149 1438
1150 1150
1150 1253
1151 1194
1151 1465
1153 1234
1153 1360
1153 1465
1154 1371
1156 1313
1158 1465
1161 1161
1162 1293
1162 1439
1163 1163
1165 1245
1165 1522
1166 1176
1167 1192
1167 1380
1167 1395
1168 1233
1170 1465
1171 1465
1172 1173
1172 1334
1172 1336
1172 1475
1173 1176
1173 1245
1173 1265
1173 1298
1173 1327
1173 1336
1173 1371
1173 1378
1173 1421
1173 1451
1173 1452
1173 1517
1174 1249
1174 1265
1174 1323
1174 1334
1175 1313
1175 1360
1175 1465
1176 1176
1176 1234
1176 1428
1177 1347
1177 1480
1178 1360
1178 1465
1180 1331
1181 1234
1184 1184
1184 1453
1185 1331
1186 1391
1189 1194
1189 1199
1190 1234
1191 1309
1194 1225
1194 1254
1194 1360
1194 1405
1194 1418
1194 1441
1194 1482
1195 1320
1196 1309
1197 1502
1199 1199
1199 1327
1199 1502
1200 1234
1200 1311
1200 1465
1203 1266
1205 1465
1209 1209
1211 1338
1214 1517
1216 1251
1216 1288
1220 1404
1222 1298
1222 1325
1222 1465
1224 1236
1225 1311
1225 1465
1226 1226
1229 1331
1230 1350
1230 1511
1233 1298
1234 1238
1234 1249
1234 1254
1234 1257
1234 1265
1234 1277
1234 1288
1234 1298
1234 1300
1234 1315
1234 1323
1234 1325
1234 1349
1234 1356
1234 1357
1234 1366
1234 1371
1234 1374
1234 1378
1234 1395
1234 1407
1234 1409
1234 1428
1234 1440
1234 1451
1234 1473
1234 1482
1234 1510
1236 1238
1236 1319
1236 1371
1236 1435
1237 1467
1239 1309
1242 1242
1242 1263
1243 1276
1249 1331
1249 1380
1249 1501
1256 1256
1258 1331
1261 1331
1262 1278
1265 1331
1265 1391
1265 1465
1268 1309
1272 1343
1274 1309
1275 1331
1277 1366
1281 1281
1282 1282
1282 1378
1283 1283
1286 1286
1288 1298
1297 1352
1298 1334
1298 1374
1298 1519
1300 1334
1303 1309
1309 1318
1309 1325
1309 1331
1309 1339
1309 1360
1309 1376
1309 1381
1309 1382
1309 1395
1309 1400
1309 1410
1309 1417
1309 1442
1309 1448
1309 1474
1309 1498
1310 1465
1311 1334
1311 1371
1311 1374
1311 1446
1313 1313
1313 1316
1313 1327
1313 1334
1313 1360
1313 1457
1313 1519
1314 1329
1320 1320
1322 1329
1323 1438
1323 1465
1325 1325
1325 1356
1327 1360
1328 1352
1331 1347
1331 1356
1331 1371
1331 1373
1331 1378
1331 1396
1331 1446
1331 1462
1331 1505
1334 1438
1334 1522
1337 1337
1337 1348
1355 1475
1357 1371
1358 1360
1360 1399
1360 1408
1360 1432
1360 1434
1360 1435
1360 1465
1363 1370
1366 1446
1369 1369
1374 1395
1374 1465
1376 1438
1377 1450
1378 1378
1378 1471
1385 1471
1389 1389
1391 1395
1391 1417
1395 1456
1395 1465
1396 1465
1402 1402
1408 1465
1419 1471
1420 1420
1422 1422
1424 1444
1429 1524
1432 1465
1435 1465
1435 1498
1443 1443
1450 1465
1453 1453
1456 1465
1458 1465
1459 1501
1465 1465
1465 1478
1465 1482
1465 1517
1469 1501
1471 1475
1471 1495
1471 1517
1480 1480
1487 1487
1489 1489
1501 1501
1501 1502
1501 1529
1514 1514
