1 0 0.6703200460356393
3 2 0.01831563888873418
4 2 0.01831563888873418
4 3 0.01831563888873418
5 2 0.01831563888873418
5 3 0.01831563888873418
5 4 0.01831563888873418
6 2 0.01831563888873418
6 3 0.01831563888873418
6 4 0.01831563888873418
6 5 0.01831563888873418
8 7 0.36787944117144233
9 7 0.7292131949226776
10 7 0.4243738849556916
10 9 0.4243738849556916
11 7 0.22313032749602904
11 10 0.22313032749602904
11 9 0.22313032749602904
13 12 0.04978691900673351
14 12 0.04978691900673351
14 13 0.04978691900673351
15 12 0.04978691900673351
15 13 0.04978691900673351
15 14 0.04978691900673351
17 16 0.1353352832366127
18 16 0.1353352832366127
18 17 0.1353352832366127
21 20 0.1353352832366127
22 20 0.1353352832366127
22 21 0.1353352832366127
24 23 0.1353352832366127
25 23 0.1353352832366127
25 24 0.6514386586903687
28 27 0.1353352832366127
29 27 0.1353352832366127
29 28 0.1353352832366127
31 30 0.1353352832366127
32 30 0.1353352832366127
32 31 0.1353352832366127
33 30 0.7564869268184686
34 30 0.5317508230915067
34 33 0.7892387619583291
36 35 0.006737946999085467
37 35 0.006737946999085467
37 36 0.006737946999085467
38 35 0.006737946999085467
38 36 0.006737946999085467
38 37 0.006737946999085467
39 35 0.006737946999085467
39 36 0.006737946999085467
39 37 0.006737946999085467
39 38 0.006737946999085467
40 35 0.006737946999085467
40 36 0.006737946999085467
40 37 0.006737946999085467
40 38 0.006737946999085467
40 39 0.006737946999085467
43 42 0.36787944117144233
45 44 0.1353352832366127
46 44 0.1353352832366127
46 45 0.1353352832366127
48 47 0.04978691900673351
49 47 0.04978691900673351
49 48 0.04978691900673351
50 47 0.04978691900673351
50 48 0.04978691900673351
50 49 0.04978691900673351
51 33 0.26359713811572677
52 51 0.01831563888873418
52 33 0.01831563888873418
53 51 0.01831563888873418
53 52 0.01831563888873418
53 33 0.5838462758072263
53 34 0.27518200038351043
54 51 0.01831563888873418
54 52 0.01831563888873418
54 53 0.20189651799465538
54 33 0.7158665829803511
54 34 0.4217629566489556
54 30 0.01831563888873418
55 51 0.1353352832366127
56 51 0.1353352832366127
56 55 0.7703812228363092
57 51 0.36787944117144233
58 51 0.36787944117144233
58 57 0.36787944117144233
60 59 0.1353352832366127
61 59 0.1353352832366127
61 60 0.1353352832366127
63 62 0.12245617109449546
64 62 0.04978691900673351
64 63 0.04978691900673351
65 62 0.04978691900673351
65 63 0.04978691900673351
65 64 0.04978691900673351
67 66 0.1353352832366127
68 66 0.1353352832366127
68 67 0.1353352832366127
70 69 0.30119406733895726
71 69 0.6303136341558493
71 70 0.30119406733895726
72 69 0.3359111144930833
72 70 0.04978691900673351
72 71 0.22313032749602904
74 73 0.04978691900673351
75 73 0.04978691900673351
75 74 0.04978691900673351
76 73 0.04978691900673351
76 74 0.04978691900673351
76 75 0.04978691900673351
78 77 0.04978691900673351
78 46 0.36787944117144233
79 77 0.04978691900673351
79 78 0.04978691900673351
80 77 0.04978691900673351
80 78 0.04978691900673351
80 79 0.04978691900673351
82 81 0.1353352832366127
83 81 0.1353352832366127
83 82 0.1353352832366127
85 84 0.1353352832366127
86 84 0.1353352832366127
86 85 0.1353352832366127
88 87 0.6703200460356393
90 55 0.36787944117144233
92 91 0.1353352832366127
93 91 0.1353352832366127
93 92 0.1353352832366127
95 94 0.1353352832366127
96 94 0.6872896009574945
96 95 0.1353352832366127
97 94 0.6514386586903687
97 95 0.1353352832366127
97 96 0.6514386586903687
97 69 0.5795777039956738
98 94 0.1353352832366127
98 95 0.1353352832366127
98 96 0.1353352832366127
98 97 0.1353352832366127
99 94 0.1353352832366127
99 96 0.1353352832366127
99 97 0.1353352832366127
100 94 0.01831563888873418
100 99 0.44932896411722156
100 96 0.01831563888873418
100 97 0.01831563888873418
103 102 0.1353352832366127
104 102 0.1353352832366127
104 103 0.1353352832366127
106 105 0.1353352832366127
107 105 0.1353352832366127
107 106 0.1353352832366127
109 108 0.36787944117144233
112 111 0.36787944117144233
114 113 0.36787944117144233
117 116 0.36787944117144233
119 118 0.36787944117144233
121 120 0.36787944117144233
121 78 0.36787944117144233
123 122 0.1353352832366127
124 122 0.1353352832366127
124 123 0.1353352832366127
127 126 0.2396510364417758
128 126 0.1353352832366127
128 127 0.26359713811572677
130 129 0.36787944117144233
131 33 0.47236566705234445
131 30 0.04978691900673351
131 34 0.04978691900673351
132 33 0.6443195762428298
132 34 0.14885808080333315
132 53 0.37696242833189814
132 54 0.06948345122280154
133 33 0.37696242833189814
133 34 0.37696242833189814
133 132 0.14885808080333315
133 53 0.14885808080333315
133 54 0.00033546262790251185
134 33 0.14885808080333315
134 34 0.14885808080333315
134 132 0.14885808080333315
134 133 0.14885808080333315
134 53 0.14885808080333315
134 54 0.00033546262790251185
136 135 0.36787944117144233
138 137 0.36787944117144233
140 139 0.00012340869340233025
141 139 0.00012340869340233025
141 140 0.00012340869340233025
142 139 0.00012340869340233025
142 140 0.00012340869340233025
142 141 0.00012340869340233025
143 139 0.00012340869340233025
143 140 0.00012340869340233025
143 141 0.00012340869340233025
143 142 0.00012340869340233025
144 139 0.00012340869340233025
144 140 0.00012340869340233025
144 141 0.00012340869340233025
144 142 0.00012340869340233025
144 143 0.00012340869340233025
145 139 0.00012340869340233025
145 140 0.00012340869340233025
145 141 0.00012340869340233025
145 142 0.00012340869340233025
145 143 0.00012340869340233025
145 144 0.00012340869340233025
146 139 0.00012340869340233025
146 140 0.00012340869340233025
146 141 0.00012340869340233025
146 142 0.00012340869340233025
146 143 0.00012340869340233025
146 144 0.00012340869340233025
146 145 0.00012340869340233025
147 139 0.00012340869340233025
147 140 0.00012340869340233025
147 141 0.00012340869340233025
147 142 0.00012340869340233025
147 143 0.00012340869340233025
147 144 0.00012340869340233025
147 145 0.00012340869340233025
147 146 0.00012340869340233025
148 139 0.00012340869340233025
148 140 0.00012340869340233025
148 141 0.00012340869340233025
148 142 0.00012340869340233025
148 143 0.00012340869340233025
148 144 0.00012340869340233025
148 145 0.00012340869340233025
148 146 0.00012340869340233025
148 147 0.00012340869340233025
149 71 0.4243738849556916
150 149 0.22313032749602904
150 71 0.22313032749602904
150 96 0.30119406733895726
150 94 0.04978691900673351
151 149 0.4243738849556916
151 71 0.4243738849556916
151 150 0.8101577349324267
151 127 0.04978691900673351
152 149 0.36787944117144233
154 153 0.47236566705234445
155 153 0.04978691900673351
155 154 0.04978691900673351
156 153 0.04978691900673351
156 154 0.04978691900673351
156 155 0.04978691900673351
157 71 0.1353352832366127
158 71 0.1353352832366127
158 157 0.1353352832366127
161 160 0.36787944117144233
163 162 0.36787944117144233
165 164 0.36787944117144233
167 166 0.36787944117144233
170 169 0.1353352832366127
171 169 0.1353352832366127
171 170 0.1353352832366127
173 172 0.1353352832366127
174 172 0.513417119032592
174 173 0.1353352832366127
176 175 0.1353352832366127
177 175 0.1353352832366127
177 176 0.1353352832366127
180 179 0.36787944117144233
181 179 0.36787944117144233
181 180 0.36787944117144233
183 182 0.36787944117144233
184 55 0.1353352832366127
184 56 0.1353352832366127
185 184 0.1353352832366127
186 184 0.1353352832366127
186 185 0.1353352832366127
188 187 0.513417119032592
189 187 0.1353352832366127
189 188 0.1353352832366127
190 33 0.18009213573097915
191 46 0.30119406733895726
192 191 0.04978691900673351
192 46 0.04978691900673351
193 191 0.04978691900673351
193 192 0.04978691900673351
193 46 0.04978691900673351
194 191 0.1353352832366127
194 46 0.1353352832366127
196 195 0.44932896411722156
197 195 0.01831563888873418
197 196 0.01831563888873418
198 195 0.01831563888873418
198 196 0.01831563888873418
198 197 0.01831563888873418
199 195 0.01831563888873418
199 196 0.01831563888873418
199 197 0.01831563888873418
199 198 0.01831563888873418
201 200 0.1353352832366127
201 24 0.04978691900673351
201 25 0.04978691900673351
202 200 0.1353352832366127
202 201 0.30119406733895726
202 24 0.04978691900673351
202 25 0.04978691900673351
203 131 0.36787944117144233
206 205 0.36787944117144233
208 207 0.1353352832366127
209 207 0.1353352832366127
209 208 0.1353352832366127
211 210 0.1353352832366127
212 210 0.1353352832366127
212 211 0.1353352832366127
214 213 0.1353352832366127
215 213 0.1353352832366127
215 214 0.1353352832366127
216 48 0.04978691900673351
216 136 0.1353352832366127
217 216 0.39729358478482196
217 48 0.04978691900673351
218 216 0.5488122946670678
218 217 0.39729358478482196
218 48 0.04978691900673351
219 216 0.1353352832366127
219 218 0.01831563888873418
220 216 0.513417119032592
220 219 0.1353352832366127
220 218 0.01831563888873418
221 216 0.01831563888873418
221 219 0.18009213573097915
221 220 0.01831563888873418
222 216 0.01831563888873418
222 219 0.5647181220077593
222 220 0.01831563888873418
222 221 0.01831563888873418
223 216 0.1353352832366127
223 136 0.1353352832366127
224 216 0.18009213573097915
224 220 0.01831563888873418
224 219 0.01831563888873418
224 218 0.18009213573097915
225 150 0.6187829165799181
225 96 0.04978691900673351
225 94 0.04978691900673351
225 151 0.26359713811572677
227 226 0.36787944117144233
229 228 0.47236566705234445
230 228 0.04978691900673351
230 229 0.04978691900673351
231 228 0.04978691900673351
231 229 0.04978691900673351
231 230 0.04978691900673351
234 233 0.1353352832366127
235 233 0.1353352832366127
235 234 0.1353352832366127
235 72 0.36787944117144233
238 237 0.36787944117144233
240 239 0.36787944117144233
241 239 0.36787944117144233
243 242 0.36787944117144233
245 244 0.751477293075286
246 244 0.36787944117144233
247 244 0.36787944117144233
249 248 0.1353352832366127
250 248 0.1353352832366127
250 249 0.1353352832366127
251 217 0.01831563888873418
251 216 0.01831563888873418
251 218 0.01831563888873418
252 217 0.01831563888873418
252 216 0.1353352832366127
252 251 0.01831563888873418
252 218 0.01831563888873418
255 254 0.36787944117144233
256 254 0.1353352832366127
256 255 0.1353352832366127
259 258 0.47236566705234445
261 260 0.36787944117144233
263 262 0.0009118755823967154
264 262 0.0009118755823967154
264 263 0.0009118755823967154
265 262 0.0009118755823967154
265 263 0.22789408876843106
265 264 0.0009118755823967154
266 262 0.0009118755823967154
266 263 0.22789408876843106
266 264 0.0009118755823967154
266 265 0.3397001127785443
267 262 0.0009118755823967154
267 263 0.0009118755823967154
267 264 0.0009118755823967154
267 265 0.0009118755823967154
267 266 0.0009118755823967154
268 262 0.0009118755823967154
268 263 0.22789408876843106
268 264 0.0009118755823967154
268 265 0.3397001127785443
268 266 0.3397001127785443
268 267 0.0009118755823967154
269 262 0.0009118755823967154
269 263 0.0009118755823967154
269 264 0.0009118755823967154
269 265 0.0009118755823967154
269 266 0.0009118755823967154
269 267 0.0009118755823967154
269 268 0.0009118755823967154
271 270 0.36787944117144233
274 273 0.1353352832366127
275 273 0.1353352832366127
275 274 0.1353352832366127
277 276 0.1353352832366127
278 276 0.1353352832366127
278 277 0.36787944117144233
280 279 0.0024787819218114594
281 279 0.0024787819218114594
281 280 0.0024787819218114594
281 78 0.36787944117144233
281 150 0.5795777039956738
282 279 0.0024787819218114594
282 280 0.0024787819218114594
282 281 0.0024787819218114594
283 279 0.0024787819218114594
283 280 0.0024787819218114594
283 281 0.7292131949226776
283 282 0.0024787819218114594
284 279 0.0024787819218114594
284 280 0.0024787819218114594
284 281 0.0024787819218114594
284 282 0.0024787819218114594
284 283 0.0024787819218114594
285 279 0.0024787819218114594
285 280 0.0024787819218114594
285 281 0.0024787819218114594
285 282 0.0024787819218114594
285 283 0.0024787819218114594
285 284 0.0024787819218114594
287 286 0.1353352832366127
288 286 0.36787944117144233
288 287 0.1353352832366127
289 286 0.1353352832366127
289 288 0.1353352832366127
291 290 0.1353352832366127
292 290 0.1353352832366127
292 291 0.1353352832366127
294 293 0.6211451576154515
297 296 0.36787944117144233
298 296 0.04978691900673351
299 296 0.04978691900673351
299 298 0.04978691900673351
300 296 0.47236566705234445
300 298 0.04978691900673351
300 299 0.04978691900673351
301 203 0.4243738849556916
301 150 0.1353352832366127
301 151 0.1353352832366127
301 162 0.01831563888873418
302 301 0.47236566705234445
302 203 0.30119406733895726
303 301 0.04978691900673351
303 203 0.04978691900673351
303 302 0.04978691900673351
304 301 0.1353352832366127
304 302 0.1353352832366127
305 78 0.18009213573097915
306 305 0.01831563888873418
306 78 0.01831563888873418
307 305 0.01831563888873418
307 306 0.01831563888873418
307 78 0.01831563888873418
307 265 0.01831563888873418
307 266 0.01831563888873418
307 268 0.01831563888873418
308 305 0.18009213573097915
308 306 0.01831563888873418
308 307 0.01831563888873418
308 78 0.5317508230915067
309 305 0.04978691900673351
309 78 0.7408179984360628
309 308 0.6514386586903687
310 97 0.1353352832366127
310 69 0.1353352832366127
312 311 0.36787944117144233
314 313 0.1353352832366127
315 313 0.1353352832366127
315 314 0.1353352832366127
316 203 0.04978691900673351
316 301 0.18009213573097915
316 162 0.01831563888873418
317 203 0.04978691900673351
317 316 0.04978691900673351
317 301 0.04978691900673351
319 318 0.36787944117144233
321 320 0.30119406733895726
322 320 0.04978691900673351
322 321 0.04978691900673351
323 320 0.22313032749602904
323 321 0.04978691900673351
323 322 0.04978691900673351
324 320 0.04978691900673351
324 323 0.04978691900673351
325 320 0.04978691900673351
325 323 0.04978691900673351
325 324 0.04978691900673351
327 326 0.04978691900673351
327 30 0.04978691900673351
328 326 0.04978691900673351
328 327 0.4243738849556916
329 326 0.04978691900673351
329 327 0.04978691900673351
329 328 0.04978691900673351
330 151 0.1353352832366127
331 330 0.1353352832366127
331 151 0.1353352832366127
333 332 0.04978691900673351
334 332 0.04978691900673351
334 333 0.04978691900673351
335 332 0.04978691900673351
335 333 0.04978691900673351
335 334 0.04978691900673351
337 336 0.36787944117144233
339 338 0.04978691900673351
340 338 0.04978691900673351
340 339 0.04978691900673351
341 338 0.04978691900673351
341 339 0.47236566705234445
341 340 0.04978691900673351
343 342 0.1353352832366127
343 221 0.04978691900673351
343 219 0.6677467917915978
344 342 0.1353352832366127
344 343 0.1353352832366127
345 252 0.01831563888873418
345 216 0.18009213573097915
346 345 0.18009213573097915
346 252 0.01831563888873418
346 216 0.3359111144930833
347 345 0.18009213573097915
347 346 0.18009213573097915
347 252 0.01831563888873418
347 216 0.18009213573097915
349 348 0.006737946999085467
350 348 0.006737946999085467
350 349 0.006737946999085467
351 348 0.006737946999085467
351 349 0.006737946999085467
351 350 0.006737946999085467
352 348 0.006737946999085467
352 349 0.006737946999085467
352 350 0.006737946999085467
352 351 0.006737946999085467
353 348 0.006737946999085467
353 349 0.006737946999085467
353 350 0.006737946999085467
353 351 0.006737946999085467
353 352 0.006737946999085467
355 354 0.1353352832366127
356 354 0.1353352832366127
356 355 0.1353352832366127
358 357 0.30119406733895726
359 357 0.1353352832366127
359 358 0.1353352832366127
360 357 0.04978691900673351
360 358 0.04978691900673351
361 357 0.04978691900673351
361 360 0.04978691900673351
361 358 0.04978691900673351
362 62 0.006737946999085467
363 362 0.36787944117144233
364 362 0.1353352832366127
365 362 0.1353352832366127
365 364 0.1353352832366127
367 366 0.1353352832366127
368 366 0.1353352832366127
368 367 0.1353352832366127
369 24 0.1353352832366127
369 25 0.1353352832366127
370 78 0.1353352832366127
371 370 0.1353352832366127
371 78 0.6703200460356393
371 309 0.1353352832366127
373 372 0.1353352832366127
374 372 0.1353352832366127
374 373 0.1353352832366127
375 33 0.01831563888873418
376 375 0.5934880362695113
376 33 0.01831563888873418
377 375 0.7097398737909077
377 376 0.5934880362695113
377 33 0.01831563888873418
378 375 0.04978691900673351
378 376 0.04978691900673351
378 377 0.04978691900673351
380 379 0.1353352832366127
381 379 0.1353352832366127
381 380 0.1353352832366127
383 382 0.1353352832366127
384 382 0.1353352832366127
384 383 0.1353352832366127
386 385 0.0009118755823967154
387 385 0.0009118755823967154
387 386 0.0009118755823967154
388 385 0.0009118755823967154
388 386 0.0009118755823967154
388 387 0.0009118755823967154
389 385 0.0009118755823967154
389 386 0.0009118755823967154
389 387 0.0009118755823967154
389 388 0.0009118755823967154
390 385 0.0009118755823967154
390 386 0.0009118755823967154
390 387 0.0009118755823967154
390 388 0.0009118755823967154
390 389 0.0009118755823967154
391 385 0.0009118755823967154
391 386 0.0009118755823967154
391 387 0.0009118755823967154
391 388 0.0009118755823967154
391 389 0.0009118755823967154
391 390 0.0009118755823967154
392 385 0.0009118755823967154
392 386 0.0009118755823967154
392 387 0.0009118755823967154
392 388 0.0009118755823967154
392 389 0.0009118755823967154
392 390 0.0009118755823967154
392 391 0.0009118755823967154
394 393 0.04978691900673351
395 393 0.04978691900673351
395 394 0.04978691900673351
396 393 0.04978691900673351
396 394 0.04978691900673351
396 395 0.04978691900673351
398 397 0.04978691900673351
399 397 0.04978691900673351
399 398 0.04978691900673351
400 397 0.04978691900673351
400 398 0.04978691900673351
400 399 0.04978691900673351
401 277 0.0024787819218114594
401 278 0.0024787819218114594
402 401 0.0024787819218114594
402 277 0.0024787819218114594
402 278 0.0024787819218114594
402 327 0.6303136341558493
402 328 0.04978691900673351
402 30 0.04978691900673351
403 401 0.0024787819218114594
403 402 0.0024787819218114594
403 277 0.1353352832366127
403 278 0.1353352832366127
404 401 0.0024787819218114594
404 402 0.0024787819218114594
404 277 0.0024787819218114594
404 403 0.0024787819218114594
404 278 0.0024787819218114594
405 401 0.0024787819218114594
405 402 0.0024787819218114594
405 277 0.0024787819218114594
405 403 0.0024787819218114594
405 278 0.0024787819218114594
405 404 0.0024787819218114594
406 166 0.36787944117144233
409 408 0.01831563888873418
410 408 0.18009213573097915
410 409 0.01831563888873418
411 408 0.01831563888873418
411 409 0.01831563888873418
411 410 0.01831563888873418
412 408 0.18009213573097915
412 409 0.01831563888873418
412 410 0.18009213573097915
412 411 0.01831563888873418
413 408 0.04978691900673351
413 410 0.04978691900673351
413 412 0.04978691900673351
415 414 0.36787944117144233
415 247 0.04978691900673351
416 402 0.30119406733895726
416 327 0.751477293075286
416 328 0.04978691900673351
417 402 0.36787944117144233
417 327 0.36787944117144233
419 418 0.36787944117144233
421 319 0.36787944117144233
423 422 0.1353352832366127
424 422 0.1353352832366127
424 423 0.1353352832366127
426 425 0.1353352832366127
427 425 0.1353352832366127
427 426 0.1353352832366127
428 46 0.47236566705234445
429 428 0.36787944117144233
431 430 0.36787944117144233
432 430 0.36787944117144233
434 433 0.36787944117144233
435 245 0.36787944117144233
435 244 0.36787944117144233
437 436 0.1353352832366127
438 436 0.1353352832366127
438 437 0.1353352832366127
439 118 0.1353352832366127
440 439 0.36787944117144233
441 439 0.1353352832366127
441 118 0.1353352832366127
443 442 0.36787944117144233
443 72 0.1353352832366127
445 444 0.36787944117144233
447 446 0.04978691900673351
448 446 0.04978691900673351
448 447 0.04978691900673351
449 446 0.04978691900673351
449 447 0.04978691900673351
449 448 0.04978691900673351
450 282 0.36787944117144233
453 452 0.0009118755823967154
454 452 0.0009118755823967154
454 453 0.0009118755823967154
455 452 0.0009118755823967154
455 453 0.0009118755823967154
455 454 0.0009118755823967154
456 452 0.0009118755823967154
456 453 0.0009118755823967154
456 454 0.0009118755823967154
456 455 0.0009118755823967154
457 452 0.0009118755823967154
457 453 0.0009118755823967154
457 454 0.0009118755823967154
457 455 0.0009118755823967154
457 456 0.0009118755823967154
458 452 0.0009118755823967154
458 453 0.21107201482789575
458 454 0.0009118755823967154
458 455 0.0009118755823967154
458 456 0.0009118755823967154
458 457 0.0009118755823967154
459 452 0.0009118755823967154
459 453 0.21107201482789575
459 454 0.0009118755823967154
459 455 0.0009118755823967154
459 456 0.0009118755823967154
459 457 0.0009118755823967154
459 458 0.21107201482789575
461 460 0.04978691900673351
462 460 0.04978691900673351
462 461 0.04978691900673351
463 460 0.04978691900673351
463 461 0.04978691900673351
463 462 0.04978691900673351
463 301 0.1353352832366127
464 33 0.36787944117144233
465 464 0.513417119032592
466 464 0.1353352832366127
466 465 0.1353352832366127
468 467 0.01831563888873418
469 467 0.01831563888873418
469 468 0.01831563888873418
470 467 0.01831563888873418
470 468 0.01831563888873418
470 469 0.01831563888873418
471 467 0.01831563888873418
471 468 0.01831563888873418
471 469 0.01831563888873418
471 470 0.01831563888873418
473 472 0.30119406733895726
473 222 0.1353352832366127
473 219 0.1353352832366127
474 472 0.1353352832366127
474 473 0.1353352832366127
476 475 0.36787944117144233
477 475 0.1353352832366127
478 475 0.1353352832366127
478 477 0.1353352832366127
480 479 0.04978691900673351
481 479 0.04978691900673351
481 480 0.04978691900673351
482 479 0.04978691900673351
482 480 0.04978691900673351
482 481 0.04978691900673351
484 483 0.36787944117144233
485 33 0.36787944117144233
487 486 0.36787944117144233
488 33 0.04978691900673351
488 54 0.04978691900673351
489 488 0.04978691900673351
489 33 0.04978691900673351
489 54 0.04978691900673351
490 309 0.513417119032592
490 78 0.1353352832366127
491 490 0.1353352832366127
491 309 0.1353352832366127
492 490 0.36787944117144233
493 490 0.1353352832366127
493 309 0.1353352832366127
495 494 0.1353352832366127
496 494 0.1353352832366127
496 495 0.1353352832366127
498 497 0.36787944117144233
499 303 0.36787944117144233
500 150 0.1353352832366127
501 500 0.36787944117144233
502 500 0.6703200460356393
502 501 0.36787944117144233
503 500 0.513417119032592
503 502 0.1353352832366127
506 505 0.36787944117144233
507 190 0.18009213573097915
507 33 0.18009213573097915
508 507 0.39729358478482196
508 190 0.18009213573097915
508 33 0.18009213573097915
509 507 0.26359713811572677
509 508 0.26359713811572677
509 190 0.01831563888873418
509 33 0.01831563888873418
512 511 0.36787944117144233
513 245 0.1353352832366127
513 244 0.1353352832366127
515 514 0.30119406733895726
516 514 0.30119406733895726
516 515 0.6514386586903687
516 346 0.04978691900673351
516 216 0.04978691900673351
516 151 0.5317508230915067
516 150 0.39729358478482196
516 225 0.01831563888873418
517 514 0.04978691900673351
517 515 0.04978691900673351
517 516 0.7097398737909077
517 151 0.6411803884299546
517 150 0.5317508230915067
517 225 0.01831563888873418
517 127 0.04978691900673351
517 152 0.36787944117144233
519 518 0.36787944117144233
521 520 0.36787944117144233
522 76 0.36787944117144233
523 522 0.01831563888873418
524 522 0.01831563888873418
524 523 0.01831563888873418
525 522 0.01831563888873418
525 523 0.01831563888873418
525 524 0.01831563888873418
526 522 0.01831563888873418
526 523 0.01831563888873418
526 524 0.01831563888873418
526 525 0.01831563888873418
527 522 0.6065306597126334
529 528 0.36787944117144233
531 530 0.15335478713206963
532 530 0.15335478713206963
532 531 0.15335478713206963
533 530 0.04978691900673351
533 531 0.04978691900673351
533 532 0.04978691900673351
535 534 0.36787944117144233
538 537 0.1353352832366127
539 537 0.30119406733895726
539 538 0.1353352832366127
540 537 0.04978691900673351
541 537 0.04978691900673351
541 540 0.04978691900673351
542 537 0.04978691900673351
542 540 0.04978691900673351
542 541 0.04978691900673351
545 544 0.36787944117144233
547 546 0.36787944117144233
547 55 0.1353352832366127
547 56 0.1353352832366127
547 329 0.513417119032592
548 121 0.04978691900673351
549 548 0.04978691900673351
549 121 0.04978691900673351
550 548 0.04978691900673351
550 549 0.04978691900673351
550 121 0.5795777039956738
553 552 0.1353352832366127
554 552 0.1353352832366127
554 553 0.1353352832366127
557 556 0.1353352832366127
558 556 0.1353352832366127
558 557 0.1353352832366127
560 559 0.36787944117144233
561 33 0.2437126600828599
561 53 0.2437126600828599
561 34 0.06948345122280154
561 133 0.00033546262790251185
561 54 0.06948345122280154
561 132 0.00033546262790251185
561 134 0.00033546262790251185
562 561 0.11283600827121776
562 33 0.11283600827121776
562 53 0.11283600827121776
562 34 0.00033546262790251185
562 133 0.00033546262790251185
562 54 0.00033546262790251185
562 132 0.00033546262790251185
562 134 0.00033546262790251185
563 82 0.36787944117144233
564 563 0.04978691900673351
565 563 0.04978691900673351
565 564 0.04978691900673351
566 563 0.04978691900673351
566 564 0.04978691900673351
566 565 0.04978691900673351
567 189 0.6514386586903687
569 568 0.36787944117144233
571 570 0.36787944117144233
573 572 0.36787944117144233
574 281 0.6703200460356393
574 283 0.1353352832366127
575 574 0.1353352832366127
575 281 0.1353352832366127
576 574 0.1353352832366127
576 281 0.1353352832366127
578 577 0.36787944117144233
581 580 0.1353352832366127
582 580 0.1353352832366127
582 581 0.1353352832366127
584 583 0.36787944117144233
585 136 0.04978691900673351
586 585 0.04978691900673351
586 136 0.04978691900673351
587 585 0.04978691900673351
587 586 0.04978691900673351
587 136 0.5795777039956738
590 589 0.18009213573097915
590 307 0.36787944117144233
591 589 0.18009213573097915
591 590 0.5317508230915067
592 589 0.04978691900673351
592 590 0.04978691900673351
592 591 0.04978691900673351
594 593 0.36787944117144233
595 277 0.04978691900673351
595 403 0.04978691900673351
595 278 0.04978691900673351
596 327 0.1353352832366127
596 416 0.1353352832366127
596 46 0.36787944117144233
598 597 0.36787944117144233
600 599 0.36787944117144233
603 602 0.36787944117144233
606 275 0.04978691900673351
607 275 0.04978691900673351
607 606 0.04978691900673351
608 275 0.04978691900673351
608 606 0.04978691900673351
608 607 0.04978691900673351
609 45 0.30119406733895726
610 609 0.1353352832366127
610 45 0.1353352832366127
611 609 0.04978691900673351
611 45 0.04978691900673351
612 609 0.04978691900673351
612 45 0.04978691900673351
612 611 0.04978691900673351
615 614 0.36787944117144233
617 616 0.36787944117144233
619 618 0.1353352832366127
620 618 0.1353352832366127
620 619 0.1353352832366127
622 621 0.36787944117144233
624 623 0.36787944117144233
626 625 0.04978691900673351
627 625 0.04978691900673351
627 626 0.04978691900673351
628 625 0.04978691900673351
628 626 0.04978691900673351
628 627 0.04978691900673351
630 629 0.1353352832366127
631 629 0.1353352832366127
631 630 0.36787944117144233
631 337 0.006737946999085467
633 632 0.36787944117144233
636 635 0.1353352832366127
637 635 0.1353352832366127
637 636 0.1353352832366127
638 162 0.01831563888873418
638 316 0.01831563888873418
638 301 0.26359713811572677
638 463 0.1353352832366127
639 638 0.01831563888873418
639 162 0.01831563888873418
639 316 0.01831563888873418
639 301 0.01831563888873418
640 638 0.36787944117144233
641 78 0.36787944117144233
643 642 0.36787944117144233
646 78 0.6703200460356393
648 647 0.36787944117144233
650 189 0.04978691900673351
650 567 0.04978691900673351
651 650 0.04978691900673351
651 189 0.04978691900673351
651 567 0.04978691900673351
652 34 0.01831563888873418
653 652 0.04978691900673351
654 652 0.6187829165799181
654 653 0.04978691900673351
654 34 0.44932896411722156
654 55 0.04978691900673351
654 56 0.04978691900673351
655 652 0.6187829165799181
655 653 0.04978691900673351
655 654 0.6187829165799181
655 34 0.01831563888873418
656 652 0.04978691900673351
656 654 0.04978691900673351
656 655 0.04978691900673351
657 652 0.18009213573097915
657 34 0.01831563888873418
657 654 0.3359111144930833
657 655 0.18009213573097915
659 658 0.04978691900673351
660 658 0.04978691900673351
660 659 0.04978691900673351
661 658 0.04978691900673351
661 659 0.04978691900673351
661 660 0.04978691900673351
663 662 0.26359713811572677
664 662 0.01831563888873418
664 663 0.01831563888873418
665 662 0.01831563888873418
665 663 0.01831563888873418
665 664 0.01831563888873418
666 662 0.01831563888873418
666 663 0.01831563888873418
666 664 0.01831563888873418
666 665 0.01831563888873418
668 667 0.36787944117144233
670 669 0.36787944117144233
671 669 0.36787944117144233
673 672 0.36787944117144233
674 515 0.1353352832366127
674 516 0.1353352832366127
675 443 0.1353352832366127
676 675 0.1353352832366127
676 443 0.1353352832366127
677 663 0.1353352832366127
677 662 0.1353352832366127
679 678 0.1353352832366127
680 678 0.1353352832366127
680 679 0.1353352832366127
682 681 0.04978691900673351
683 681 0.04978691900673351
683 682 0.04978691900673351
684 681 0.04978691900673351
684 682 0.04978691900673351
684 683 0.04978691900673351
685 57 0.36787944117144233
686 350 0.36787944117144233
689 537 0.04978691900673351
689 539 0.04978691900673351
690 689 0.04978691900673351
690 537 0.04978691900673351
690 539 0.04978691900673351
692 342 0.36787944117144233
694 693 0.006737946999085467
695 693 0.006737946999085467
695 694 0.006737946999085467
696 693 0.006737946999085467
696 694 0.006737946999085467
696 695 0.006737946999085467
697 693 0.4345982085070782
697 694 0.006737946999085467
697 695 0.006737946999085467
697 696 0.006737946999085467
697 219 0.0009118755823967154
697 343 0.0009118755823967154
698 693 0.006737946999085467
698 694 0.006737946999085467
698 695 0.006737946999085467
698 696 0.006737946999085467
698 697 0.006737946999085467
699 445 0.36787944117144233
700 96 0.04978691900673351
701 700 0.04978691900673351
701 96 0.04978691900673351
702 700 0.04978691900673351
702 96 0.04978691900673351
702 701 0.04978691900673351
705 704 0.04978691900673351
706 704 0.04978691900673351
706 705 0.04978691900673351
707 704 0.04978691900673351
707 705 0.04978691900673351
707 706 0.04978691900673351
708 97 0.18009213573097915
708 94 0.18009213573097915
708 96 0.18009213573097915
708 99 0.01831563888873418
709 97 0.04978691900673351
709 69 0.22313032749602904
709 71 0.04978691900673351
709 72 0.04978691900673351
710 97 0.04978691900673351
710 709 0.04978691900673351
710 69 0.04978691900673351
711 87 0.1353352832366127
711 88 0.1353352832366127
712 642 0.1353352832366127
713 712 0.1353352832366127
713 642 0.1353352832366127
715 695 0.01831563888873418
716 695 0.01831563888873418
716 715 0.01831563888873418
717 695 0.01831563888873418
717 715 0.01831563888873418
717 716 0.01831563888873418
718 695 0.01831563888873418
718 715 0.01831563888873418
718 716 0.01831563888873418
718 717 0.01831563888873418
720 719 0.6065306597126334
721 670 0.36787944117144233
724 723 0.04978691900673351
725 723 0.04978691900673351
725 724 0.04978691900673351
726 723 0.04978691900673351
726 724 0.04978691900673351
726 725 0.04978691900673351
729 136 0.1353352832366127
729 587 0.1353352832366127
731 730 0.36787944117144233
733 732 0.1353352832366127
734 732 0.1353352832366127
734 733 0.1353352832366127
736 71 0.1353352832366127
737 736 0.1353352832366127
737 71 0.1353352832366127
738 443 0.1353352832366127
738 72 0.1353352832366127
739 443 0.36787944117144233
742 293 0.32919298780790557
742 294 0.5907775139012317
742 523 0.04978691900673351
743 742 0.4895416595569531
743 293 0.32919298780790557
743 294 0.4895416595569531
744 742 0.4345982085070782
744 293 0.2396510364417758
744 743 0.2396510364417758
744 294 0.6904785504771092
745 742 0.36787944117144233
746 742 0.6514386586903687
746 294 0.04978691900673351
746 523 0.04978691900673351
748 747 0.36787944117144233
751 750 0.36787944117144233
752 719 0.1353352832366127
753 752 0.1353352832366127
753 719 0.1353352832366127
755 754 0.36787944117144233
756 34 0.1353352832366127
756 78 0.1353352832366127
757 756 0.1353352832366127
757 69 0.26359713811572677
757 72 0.01831563888873418
758 756 0.1353352832366127
758 757 0.44932896411722156
758 69 0.26359713811572677
758 72 0.01831563888873418
759 756 0.36787944117144233
759 78 0.1353352832366127
759 371 0.1353352832366127
760 756 0.513417119032592
760 34 0.1353352832366127
761 756 0.5852516641769969
761 34 0.04978691900673351
762 756 0.04978691900673351
762 761 0.22313032749602904
762 34 0.04978691900673351
763 756 0.04978691900673351
763 761 0.22313032749602904
763 762 0.22313032749602904
763 34 0.04978691900673351
764 756 0.15335478713206963
764 761 0.15335478713206963
764 121 0.30119406733895726
765 756 0.15335478713206963
765 764 0.3154214146187805
765 761 0.15335478713206963
765 121 0.04978691900673351
767 766 0.04978691900673351
768 766 0.04978691900673351
768 767 0.04978691900673351
769 766 0.04978691900673351
769 767 0.04978691900673351
769 768 0.04978691900673351
770 127 0.006737946999085467
770 126 0.006737946999085467
771 770 0.006737946999085467
771 127 0.006737946999085467
771 126 0.006737946999085467
772 770 0.006737946999085467
772 771 0.006737946999085467
772 127 0.006737946999085467
772 126 0.006737946999085467
773 770 0.006737946999085467
773 771 0.006737946999085467
773 127 0.006737946999085467
773 772 0.006737946999085467
773 126 0.006737946999085467
774 761 0.47236566705234445
774 657 0.04978691900673351
774 654 0.04978691900673351
775 774 0.47236566705234445
775 761 0.5209113887774003
775 764 0.006737946999085467
775 756 0.006737946999085467
775 765 0.006737946999085467
776 774 0.04978691900673351
776 761 0.04978691900673351
776 775 0.04978691900673351
778 777 0.36787944117144233
780 496 0.1353352832366127
781 780 0.1353352832366127
781 496 0.1353352832366127
783 631 0.36787944117144233
784 631 0.1353352832366127
784 783 0.1353352832366127
786 785 0.1353352832366127
787 785 0.1353352832366127
787 786 0.1353352832366127
788 346 0.04978691900673351
788 216 0.04978691900673351
788 516 0.04978691900673351
789 597 0.36787944117144233
790 789 0.36787944117144233
790 597 0.36787944117144233
792 662 0.04978691900673351
793 792 0.04978691900673351
793 662 0.04978691900673351
794 792 0.04978691900673351
794 662 0.04978691900673351
794 793 0.04978691900673351
795 64 0.01831563888873418
796 795 0.01831563888873418
796 64 0.01831563888873418
797 795 0.01831563888873418
797 796 0.01831563888873418
797 64 0.01831563888873418
798 795 0.01831563888873418
798 796 0.01831563888873418
798 797 0.01831563888873418
798 64 0.01831563888873418
800 799 0.006737946999085467
801 799 0.006737946999085467
801 800 0.006737946999085467
802 799 0.006737946999085467
802 800 0.006737946999085467
802 801 0.006737946999085467
803 799 0.006737946999085467
803 800 0.006737946999085467
803 801 0.006737946999085467
803 802 0.006737946999085467
804 799 0.006737946999085467
804 800 0.006737946999085467
804 801 0.006737946999085467
804 802 0.006737946999085467
804 803 0.006737946999085467
805 62 0.3397001127785443
805 362 0.006737946999085467
806 805 0.3397001127785443
806 62 0.4520541741433009
806 362 0.006737946999085467
807 805 0.3397001127785443
807 806 0.3397001127785443
807 62 0.3397001127785443
807 362 0.006737946999085467
808 805 0.01831563888873418
808 806 0.01831563888873418
808 807 0.01831563888873418
808 62 0.01831563888873418
810 809 0.36787944117144233
813 812 0.36787944117144233
815 814 0.1353352832366127
816 814 0.1353352832366127
816 815 0.1353352832366127
818 817 0.36787944117144233
820 819 0.36787944117144233
822 821 0.04978691900673351
823 821 0.04978691900673351
823 822 0.04978691900673351
824 821 0.04978691900673351
824 822 0.04978691900673351
824 823 0.04978691900673351
826 825 0.00012340869340233025
827 825 0.00012340869340233025
827 826 0.00012340869340233025
828 825 0.00012340869340233025
828 826 0.00012340869340233025
828 827 0.00012340869340233025
829 825 0.00012340869340233025
829 826 0.00012340869340233025
829 827 0.00012340869340233025
829 828 0.00012340869340233025
830 825 0.00012340869340233025
830 826 0.00012340869340233025
830 827 0.00012340869340233025
830 828 0.00012340869340233025
830 829 0.00012340869340233025
831 825 0.00012340869340233025
831 826 0.00012340869340233025
831 827 0.00012340869340233025
831 828 0.00012340869340233025
831 829 0.00012340869340233025
831 830 0.00012340869340233025
832 825 0.00012340869340233025
832 826 0.00012340869340233025
832 827 0.00012340869340233025
832 828 0.00012340869340233025
832 829 0.00012340869340233025
832 830 0.00012340869340233025
832 831 0.00012340869340233025
833 825 0.00012340869340233025
833 826 0.00012340869340233025
833 827 0.00012340869340233025
833 828 0.00012340869340233025
833 829 0.00012340869340233025
833 830 0.00012340869340233025
833 831 0.00012340869340233025
833 832 0.00012340869340233025
834 825 0.00012340869340233025
834 826 0.00012340869340233025
834 827 0.00012340869340233025
834 828 0.00012340869340233025
834 829 0.00012340869340233025
834 830 0.00012340869340233025
834 831 0.00012340869340233025
834 832 0.00012340869340233025
834 833 0.00012340869340233025
836 835 0.1353352832366127
837 835 0.1353352832366127
837 836 0.1353352832366127
839 34 0.04978691900673351
839 33 0.04978691900673351
839 54 0.04978691900673351
840 34 0.10836802322189586
840 30 0.01831563888873418
840 54 0.10836802322189586
840 33 0.10836802322189586
842 841 0.513417119032592
843 841 0.1353352832366127
843 842 0.1353352832366127
845 844 0.04978691900673351
846 844 0.04978691900673351
846 845 0.04978691900673351
847 844 0.04978691900673351
847 845 0.04978691900673351
847 846 0.04978691900673351
849 848 0.36787944117144233
851 850 0.1353352832366127
852 850 0.1353352832366127
852 851 0.1353352832366127
853 646 0.1353352832366127
853 78 0.1353352832366127
856 855 0.1353352832366127
857 855 0.1353352832366127
857 856 0.1353352832366127
859 106 0.36787944117144233
860 294 0.006737946999085467
861 860 0.1353352832366127
862 860 0.1353352832366127
862 861 0.1353352832366127
863 654 0.1353352832366127
864 863 0.1353352832366127
864 654 0.1353352832366127
865 654 0.1353352832366127
865 34 0.1353352832366127
866 371 0.1353352832366127
867 866 0.1353352832366127
867 371 0.1353352832366127
871 870 0.01831563888873418
872 870 0.01831563888873418
872 871 0.01831563888873418
873 870 0.01831563888873418
873 871 0.01831563888873418
873 872 0.01831563888873418
874 870 0.01831563888873418
874 871 0.01831563888873418
874 872 0.01831563888873418
874 873 0.01831563888873418
878 877 0.01831563888873418
879 877 0.01831563888873418
879 878 0.01831563888873418
880 877 0.01831563888873418
880 878 0.01831563888873418
880 879 0.01831563888873418
881 877 0.01831563888873418
881 878 0.01831563888873418
881 879 0.01831563888873418
881 880 0.01831563888873418
884 883 0.1353352832366127
885 883 0.1353352832366127
885 884 0.1353352832366127
887 886 0.36787944117144233
889 888 0.1353352832366127
890 888 0.1353352832366127
890 889 0.1353352832366127
892 761 0.006737946999085467
892 764 0.006737946999085467
892 756 0.006737946999085467
892 765 0.006737946999085467
892 775 0.006737946999085467
893 652 0.04978691900673351
893 654 0.22313032749602904
893 655 0.04978691900673351
893 55 0.04978691900673351
893 56 0.04978691900673351
894 402 0.04978691900673351
894 30 0.04978691900673351
894 327 0.04978691900673351
896 895 0.01831563888873418
897 895 0.01831563888873418
897 896 0.01831563888873418
898 895 0.01831563888873418
898 896 0.01831563888873418
898 897 0.01831563888873418
899 895 0.01831563888873418
899 896 0.01831563888873418
899 897 0.01831563888873418
899 898 0.01831563888873418
901 900 0.1353352832366127
902 900 0.1353352832366127
902 901 0.1353352832366127
904 903 0.1353352832366127
905 903 0.1353352832366127
905 904 0.1353352832366127
907 906 0.36787944117144233
908 307 0.01831563888873418
908 265 0.01831563888873418
908 266 0.01831563888873418
908 268 0.01831563888873418
910 909 0.1353352832366127
911 909 0.1353352832366127
911 910 0.1353352832366127
913 912 0.006737946999085467
914 912 0.006737946999085467
914 913 0.0541137004595766
915 912 0.006737946999085467
915 913 0.0541137004595766
915 914 0.0541137004595766
916 912 0.006737946999085467
916 913 0.36258619716207907
916 914 0.0541137004595766
916 915 0.0541137004595766
917 912 0.006737946999085467
917 913 0.006737946999085467
917 914 0.006737946999085467
917 915 0.006737946999085467
917 916 0.006737946999085467
918 171 0.36787944117144233
921 920 0.36787944117144233
922 415 0.36787944117144233
924 923 0.1353352832366127
925 923 0.1353352832366127
925 924 0.1353352832366127
926 177 0.36787944117144233
927 243 0.44932896411722156
930 929 0.36787944117144233
931 742 0.2396510364417758
931 293 0.0820849986238988
931 743 0.006737946999085467
931 294 0.0820849986238988
932 931 0.5907775139012317
932 742 0.2396510364417758
932 293 0.0820849986238988
932 743 0.006737946999085467
932 294 0.0820849986238988
933 931 0.36787944117144233
934 55 0.1353352832366127
934 56 0.1353352832366127
935 117 0.01831563888873418
936 935 0.01831563888873418
936 117 0.01831563888873418
937 935 0.01831563888873418
937 936 0.01831563888873418
937 117 0.01831563888873418
938 935 0.01831563888873418
938 936 0.01831563888873418
938 937 0.01831563888873418
938 117 0.01831563888873418
940 478 0.36787944117144233
942 941 0.1353352832366127
943 941 0.1353352832366127
943 942 0.1353352832366127
944 263 0.006737946999085467
944 265 0.006737946999085467
944 266 0.006737946999085467
944 268 0.006737946999085467
945 263 0.006737946999085467
945 265 0.006737946999085467
945 266 0.006737946999085467
945 944 0.006737946999085467
945 268 0.006737946999085467
946 1 0.36787944117144233
948 947 0.36787944117144233
950 949 0.36787944117144233
952 951 0.4243738849556916
953 951 0.4243738849556916
953 952 0.4243738849556916
954 951 0.22313032749602904
954 953 0.22313032749602904
954 952 0.22313032749602904
955 194 0.1353352832366127
956 955 0.1353352832366127
956 194 0.39729358478482196
958 957 0.1353352832366127
959 957 0.1353352832366127
959 958 0.1353352832366127
961 960 0.1353352832366127
962 960 0.1353352832366127
962 961 0.1353352832366127
963 517 0.04978691900673351
963 151 0.04978691900673351
964 963 0.04978691900673351
964 517 0.04978691900673351
964 151 0.04978691900673351
966 965 0.006737946999085467
967 965 0.006737946999085467
967 966 0.006737946999085467
968 965 0.006737946999085467
968 966 0.006737946999085467
968 967 0.006737946999085467
969 965 0.006737946999085467
969 966 0.006737946999085467
969 967 0.006737946999085467
969 968 0.006737946999085467
970 965 0.006737946999085467
970 966 0.006737946999085467
970 967 0.006737946999085467
970 968 0.006737946999085467
970 969 0.006737946999085467
973 972 0.36787944117144233
973 300 0.36787944117144233
975 974 0.1353352832366127
976 974 0.1353352832366127
976 975 0.1353352832366127
976 88 0.36787944117144233
977 758 0.01831563888873418
977 757 0.01831563888873418
977 69 0.01831563888873418
977 72 0.01831563888873418
979 978 0.36787944117144233
981 980 0.1353352832366127
982 980 0.1353352832366127
982 981 0.1353352832366127
984 983 0.36787944117144233
984 473 0.6303136341558493
984 472 0.04978691900673351
985 983 0.1353352832366127
985 984 0.30119406733895726
985 473 0.04978691900673351
986 983 0.1353352832366127
986 984 0.1353352832366127
988 987 0.36787944117144233
989 973 0.36787944117144233
991 88 0.6065306597126334
993 992 0.36787944117144233
995 994 0.01831563888873418
996 994 0.01831563888873418
996 995 0.01831563888873418
997 994 0.01831563888873418
997 995 0.01831563888873418
997 996 0.01831563888873418
998 994 0.01831563888873418
998 995 0.01831563888873418
998 996 0.01831563888873418
998 997 0.01831563888873418
1000 999 0.36787944117144233
1000 913 0.0009118755823967154
1000 916 0.0009118755823967154
1000 255 0.1353352832366127
1000 254 0.1353352832366127
1002 973 0.30119406733895726
1003 1002 0.30119406733895726
1003 973 0.30119406733895726
1004 1002 0.04978691900673351
1004 1003 0.04978691900673351
1004 973 0.04978691900673351
1005 78 0.36787944117144233
1007 1006 0.36787944117144233
1008 51 0.1353352832366127
1008 33 0.1353352832366127
1010 1009 0.36787944117144233
1012 1011 0.36787944117144233
1014 1013 0.36787944117144233
1016 62 0.47236566705234445
1016 806 0.04978691900673351
1018 1017 0.4345982085070782
1021 127 0.01831563888873418
1021 128 0.26359713811572677
1022 127 0.01831563888873418
1022 128 0.01831563888873418
1022 1021 0.01831563888873418
1023 127 0.01831563888873418
1023 128 0.5647181220077593
1023 1021 0.26359713811572677
1023 1022 0.01831563888873418
1024 53 0.1353352832366127
1025 1024 0.1353352832366127
1025 53 0.1353352832366127
1026 303 0.04978691900673351
1027 1026 0.36787944117144233
1028 746 0.04978691900673351
1028 294 0.04978691900673351
1029 1028 0.04978691900673351
1029 746 0.04978691900673351
1029 294 0.04978691900673351
1030 550 0.1353352832366127
1030 121 0.1353352832366127
1032 1031 0.36787944117144233
1034 1033 0.36787944117144233
1036 1035 0.36787944117144233
1037 1035 0.1353352832366127
1038 1035 0.1353352832366127
1038 1037 0.1353352832366127
1039 308 0.1353352832366127
1040 1039 0.1353352832366127
1040 308 0.513417119032592
1041 224 0.04978691900673351
1041 218 0.04978691900673351
1041 216 0.04978691900673351
1043 1042 0.1353352832366127
1044 1042 0.1353352832366127
1044 1043 0.1353352832366127
1045 1010 0.36787944117144233
1046 482 0.36787944117144233
1047 12 0.01831563888873418
1048 1047 0.01831563888873418
1048 12 0.01831563888873418
1049 1047 0.01831563888873418
1049 1048 0.01831563888873418
1049 12 0.01831563888873418
1050 1047 0.01831563888873418
1050 1048 0.01831563888873418
1050 1049 0.01831563888873418
1050 12 0.01831563888873418
1053 1052 0.36787944117144233
1055 1054 0.36787944117144233
1056 1054 0.04978691900673351
1057 1054 0.04978691900673351
1057 1056 0.04978691900673351
1058 1054 0.04978691900673351
1058 1056 0.04978691900673351
1058 1057 0.04978691900673351
1061 1060 0.00012340869340233025
1062 1060 0.00012340869340233025
1062 1061 0.00012340869340233025
1063 1060 0.00012340869340233025
1063 1061 0.00012340869340233025
1063 1062 0.00012340869340233025
1064 1060 0.00012340869340233025
1064 1061 0.00012340869340233025
1064 1062 0.00012340869340233025
1064 1063 0.00012340869340233025
1065 1060 0.00012340869340233025
1065 1061 0.00012340869340233025
1065 1062 0.00012340869340233025
1065 1063 0.00012340869340233025
1065 1064 0.00012340869340233025
1066 1060 0.00012340869340233025
1066 1061 0.00012340869340233025
1066 1062 0.00012340869340233025
1066 1063 0.00012340869340233025
1066 1064 0.00012340869340233025
1066 1065 0.00012340869340233025
1067 1060 0.00012340869340233025
1067 1061 0.00012340869340233025
1067 1062 0.00012340869340233025
1067 1063 0.00012340869340233025
1067 1064 0.00012340869340233025
1067 1065 0.00012340869340233025
1067 1066 0.00012340869340233025
1068 1060 0.00012340869340233025
1068 1061 0.00012340869340233025
1068 1062 0.00012340869340233025
1068 1063 0.00012340869340233025
1068 1064 0.00012340869340233025
1068 1065 0.00012340869340233025
1068 1066 0.00012340869340233025
1068 1067 0.00012340869340233025
1069 1060 0.00012340869340233025
1069 1061 0.00012340869340233025
1069 1062 0.00012340869340233025
1069 1063 0.00012340869340233025
1069 1064 0.00012340869340233025
1069 1065 0.00012340869340233025
1069 1066 0.00012340869340233025
1069 1067 0.00012340869340233025
1069 1068 0.00012340869340233025
1070 806 0.0009118755823967154
1070 805 0.0009118755823967154
1070 807 0.0009118755823967154
1070 62 0.0009118755823967154
1071 806 0.22789408876843106
1071 805 0.0541137004595766
1071 807 0.0541137004595766
1071 1070 0.0009118755823967154
1071 62 0.22789408876843106
1071 362 0.006737946999085467
1071 1016 0.04978691900673351
1072 806 0.0009118755823967154
1072 805 0.0009118755823967154
1072 807 0.0009118755823967154
1072 1070 0.0009118755823967154
1072 1071 0.0009118755823967154
1072 62 0.0009118755823967154
1073 806 0.0009118755823967154
1073 805 0.0009118755823967154
1073 807 0.0009118755823967154
1073 1070 0.0009118755823967154
1073 1071 0.0009118755823967154
1073 1072 0.0009118755823967154
1073 62 0.0009118755823967154
1074 227 0.36787944117144233
1079 1078 0.36787944117144233
1081 281 0.6065306597126334
1082 69 0.1353352832366127
1083 1082 0.1353352832366127
1083 69 0.1353352832366127
1084 0 0.1353352832366127
1084 1 0.1353352832366127
1086 516 0.1353352832366127
1087 516 0.6703200460356393
1087 1086 0.1353352832366127
1088 516 0.36787944117144233
1088 1087 0.1353352832366127
1088 151 0.1353352832366127
1089 516 0.1353352832366127
1089 1087 0.1353352832366127
1091 473 0.04978691900673351
1091 472 0.04978691900673351
1091 984 0.04978691900673351
1092 473 0.30119406733895726
1092 984 0.30119406733895726
1092 985 0.04978691900673351
1094 1093 0.04978691900673351
1095 1093 0.04978691900673351
1095 1094 0.04978691900673351
1096 1093 0.04978691900673351
1096 1094 0.04978691900673351
1096 1095 0.04978691900673351
1098 1097 0.1353352832366127
1099 1097 0.1353352832366127
1099 1098 0.1353352832366127
1102 1101 0.1353352832366127
1103 1101 0.1353352832366127
1103 1102 0.1353352832366127
1106 1105 0.00033546262790251185
1107 1105 0.00033546262790251185
1107 1106 0.00033546262790251185
1108 1105 0.00033546262790251185
1108 1106 0.00033546262790251185
1108 1107 0.00033546262790251185
1109 1105 0.00033546262790251185
1109 1106 0.00033546262790251185
1109 1107 0.00033546262790251185
1109 1108 0.00033546262790251185
1110 1105 0.00033546262790251185
1110 1106 0.00033546262790251185
1110 1107 0.00033546262790251185
1110 1108 0.00033546262790251185
1110 1109 0.00033546262790251185
1111 1105 0.00033546262790251185
1111 1106 0.00033546262790251185
1111 1107 0.00033546262790251185
1111 1108 0.00033546262790251185
1111 1109 0.00033546262790251185
1111 1110 0.00033546262790251185
1112 1105 0.00033546262790251185
1112 1106 0.00033546262790251185
1112 1107 0.00033546262790251185
1112 1108 0.00033546262790251185
1112 1109 0.00033546262790251185
1112 1110 0.00033546262790251185
1112 1111 0.00033546262790251185
1113 1105 0.00033546262790251185
1113 1106 0.00033546262790251185
1113 1107 0.00033546262790251185
1113 1108 0.00033546262790251185
1113 1109 0.00033546262790251185
1113 1110 0.00033546262790251185
1113 1111 0.00033546262790251185
1113 1112 0.00033546262790251185
1115 1114 0.36787944117144233
1117 1116 0.01831563888873418
1118 1116 0.01831563888873418
1118 1117 0.01831563888873418
1119 1116 0.01831563888873418
1119 1117 0.01831563888873418
1119 1118 0.01831563888873418
1120 1116 0.01831563888873418
1120 1117 0.01831563888873418
1120 1118 0.01831563888873418
1120 1119 0.01831563888873418
1121 78 0.1353352832366127
1122 78 0.1353352832366127
1122 1121 0.1353352832366127
1123 78 0.1353352832366127
1123 756 0.1353352832366127
1124 247 0.04978691900673351
1124 415 0.04978691900673351
1125 1124 0.04978691900673351
1125 247 0.04978691900673351
1125 415 0.04978691900673351
1128 1127 0.36787944117144233
1129 976 0.36787944117144233
1130 657 0.04978691900673351
1130 774 0.04978691900673351
1130 654 0.30119406733895726
1130 34 0.1353352832366127
1132 1131 0.36787944117144233
1134 1133 0.36787944117144233
1135 956 0.18009213573097915
1135 194 0.18009213573097915
1136 1135 0.01831563888873418
1136 956 0.01831563888873418
1136 194 0.01831563888873418
1137 1135 0.01831563888873418
1137 1136 0.01831563888873418
1137 956 0.01831563888873418
1137 194 0.01831563888873418
1138 1135 0.04978691900673351
1138 194 0.04978691900673351
1138 956 0.04978691900673351
1140 1139 0.36787944117144233
1142 1141 0.36787944117144233
1145 221 0.04978691900673351
1145 343 0.5079259684804716
1145 219 0.6270894754614215
1145 697 0.0009118755823967154
1147 1146 0.01831563888873418
1148 1146 0.01831563888873418
1148 1147 0.01831563888873418
1149 1146 0.01831563888873418
1149 1147 0.01831563888873418
1149 1148 0.01831563888873418
1150 1146 0.01831563888873418
1150 1147 0.01831563888873418
1150 1148 0.01831563888873418
1150 1149 0.01831563888873418
1153 1152 0.00033546262790251185
1154 1152 0.00033546262790251185
1154 1153 0.00033546262790251185
1155 1152 0.00033546262790251185
1155 1153 0.00033546262790251185
1155 1154 0.00033546262790251185
1156 1152 0.00033546262790251185
1156 1153 0.00033546262790251185
1156 1154 0.00033546262790251185
1156 1155 0.00033546262790251185
1157 1152 0.00033546262790251185
1157 1153 0.00033546262790251185
1157 1154 0.00033546262790251185
1157 1155 0.00033546262790251185
1157 1156 0.00033546262790251185
1158 1152 0.00033546262790251185
1158 1153 0.00033546262790251185
1158 1154 0.00033546262790251185
1158 1155 0.00033546262790251185
1158 1156 0.00033546262790251185
1158 1157 0.00033546262790251185
1159 1152 0.00033546262790251185
1159 1153 0.00033546262790251185
1159 1154 0.00033546262790251185
1159 1155 0.00033546262790251185
1159 1156 0.00033546262790251185
1159 1157 0.00033546262790251185
1159 1158 0.00033546262790251185
1160 1152 0.00033546262790251185
1160 1153 0.00033546262790251185
1160 1154 0.00033546262790251185
1160 1155 0.00033546262790251185
1160 1156 0.00033546262790251185
1160 1157 0.00033546262790251185
1160 1158 0.00033546262790251185
1160 1159 0.00033546262790251185
1162 114 0.1353352832366127
1162 186 0.44932896411722156
1163 114 0.1353352832366127
1163 1162 0.1353352832366127
1165 1164 0.36787944117144233
1166 259 0.04978691900673351
1166 258 0.04978691900673351
1167 259 0.04978691900673351
1167 258 0.04978691900673351
1167 1166 0.04978691900673351
1169 1168 0.36787944117144233
1170 820 0.36787944117144233
1172 78 0.36787944117144233
1175 931 0.1353352832366127
1176 1175 0.1353352832366127
1176 931 0.1353352832366127
1177 150 0.1353352832366127
1177 96 0.1353352832366127
1178 150 0.30119406733895726
1178 281 0.30119406733895726
1180 589 0.01831563888873418
1180 590 0.01831563888873418
1180 591 0.01831563888873418
1181 1180 0.01831563888873418
1181 589 0.01831563888873418
1181 590 0.01831563888873418
1181 591 0.01831563888873418
1182 302 0.36787944117144233
1185 1184 0.1353352832366127
1186 1184 0.1353352832366127
1186 1185 0.1353352832366127
1189 327 0.1353352832366127
1189 328 0.1353352832366127
1190 54 0.006737946999085467
1190 34 0.006737946999085467
1190 840 0.006737946999085467
1190 33 0.006737946999085467
1191 1190 0.006737946999085467
1191 54 0.006737946999085467
1191 34 0.006737946999085467
1191 840 0.006737946999085467
1191 33 0.006737946999085467
1194 1193 0.36787944117144233
1195 78 0.04978691900673351
1196 1195 0.04978691900673351
1196 78 0.04978691900673351
1197 1195 0.04978691900673351
1197 1196 0.04978691900673351
1197 78 0.04978691900673351
1199 1198 0.1353352832366127
1200 1198 0.1353352832366127
1200 1199 0.1353352832366127
1201 913 0.2800666312039573
1201 916 0.4091738631589083
1201 1000 0.0009118755823967154
1201 914 0.0009118755823967154
1201 915 0.0009118755823967154
1202 913 0.0009118755823967154
1202 916 0.0009118755823967154
1202 1201 0.0009118755823967154
1202 1000 0.0009118755823967154
1203 913 0.0009118755823967154
1203 916 0.0009118755823967154
1203 1201 0.0009118755823967154
1203 1202 0.0009118755823967154
1203 1000 0.0009118755823967154
1204 913 0.0009118755823967154
1204 916 0.0009118755823967154
1204 1201 0.0009118755823967154
1204 1202 0.0009118755823967154
1204 1203 0.0009118755823967154
1204 1000 0.0009118755823967154
1205 913 0.0009118755823967154
1205 916 0.0009118755823967154
1205 1201 0.0009118755823967154
1205 1202 0.0009118755823967154
1205 1203 0.0009118755823967154
1205 1204 0.0009118755823967154
1205 1000 0.0009118755823967154
1206 913 0.0009118755823967154
1206 916 0.0009118755823967154
1206 1201 0.0009118755823967154
1206 914 0.0009118755823967154
1206 915 0.0009118755823967154
1207 913 0.0009118755823967154
1207 1206 0.0009118755823967154
1207 916 0.0009118755823967154
1207 1201 0.0009118755823967154
1207 914 0.0009118755823967154
1207 915 0.0009118755823967154
1208 913 0.0009118755823967154
1208 1206 0.0009118755823967154
1208 916 0.0009118755823967154
1208 1201 0.0009118755823967154
1208 914 0.0009118755823967154
1208 1207 0.0009118755823967154
1208 915 0.0009118755823967154
1210 1209 0.04978691900673351
1211 1209 0.04978691900673351
1211 1210 0.04978691900673351
1212 1209 0.04978691900673351
1212 1210 0.04978691900673351
1212 1211 0.04978691900673351
1214 330 0.01831563888873418
1215 1214 0.01831563888873418
1215 330 0.01831563888873418
1216 1214 0.01831563888873418
1216 330 0.01831563888873418
1216 1215 0.01831563888873418
1217 1214 0.01831563888873418
1217 330 0.01831563888873418
1217 1215 0.01831563888873418
1217 1216 0.01831563888873418
1219 1218 0.36787944117144233
1221 500 0.1353352832366127
1221 150 0.1353352832366127
1223 1222 0.1353352832366127
1224 1222 0.1353352832366127
1224 1223 0.1353352832366127
1226 1225 0.36787944117144233
1227 1225 0.36787944117144233
1228 132 0.01831563888873418
1228 54 0.01831563888873418
1228 33 0.01831563888873418
1229 132 0.01831563888873418
1229 1228 0.01831563888873418
1229 54 0.01831563888873418
1229 33 0.01831563888873418
1230 244 0.36787944117144233
1232 1231 0.36787944117144233
1233 415 0.1353352832366127
1234 1233 0.1353352832366127
1234 415 0.1353352832366127
1235 481 0.1353352832366127
1236 1235 0.1353352832366127
1236 481 0.1353352832366127
1238 1237 0.36787944117144233
1239 547 0.36787944117144233
1241 1240 0.36787944117144233
1243 1242 0.36787944117144233
1244 482 0.01831563888873418
1245 1244 0.01831563888873418
1245 482 0.01831563888873418
1246 1244 0.01831563888873418
1246 1245 0.01831563888873418
1246 482 0.01831563888873418
1247 1244 0.01831563888873418
1247 1245 0.01831563888873418
1247 1246 0.01831563888873418
1247 482 0.01831563888873418
1249 1248 0.36787944117144233
1250 481 0.1353352832366127
1251 1250 0.1353352832366127
1251 481 0.1353352832366127
1253 1252 0.1353352832366127
1254 1252 0.513417119032592
1254 1253 0.1353352832366127
1255 764 0.30119406733895726
1255 765 0.04978691900673351
1255 121 0.30119406733895726
1256 1201 0.04978691900673351
1256 916 0.04978691900673351
1257 1201 0.04978691900673351
1257 1256 0.04978691900673351
1257 916 0.04978691900673351
1259 1258 0.36787944117144233
1261 1260 0.1353352832366127
1262 1260 0.1353352832366127
1262 1261 0.1353352832366127
1263 375 0.04978691900673351
1263 376 0.04978691900673351
1263 377 0.04978691900673351
1265 1264 0.04978691900673351
1266 1264 0.04978691900673351
1266 1265 0.04978691900673351
1267 1264 0.04978691900673351
1267 1265 0.04978691900673351
1267 1266 0.04978691900673351
1268 872 0.36787944117144233
1270 320 0.1353352832366127
1270 321 0.1353352832366127
1271 947 0.1353352832366127
1272 1271 0.1353352832366127
1272 947 0.1353352832366127
1273 843 0.26359713811572677
1274 1273 0.26359713811572677
1274 843 0.26359713811572677
1275 1273 0.01831563888873418
1275 1274 0.01831563888873418
1275 843 0.01831563888873418
1276 1273 0.01831563888873418
1276 1274 0.01831563888873418
1276 843 0.01831563888873418
1276 1275 0.01831563888873418
1278 744 0.2396510364417758
1278 294 0.2396510364417758
1278 743 0.006737946999085467
1278 742 0.006737946999085467
1278 293 0.006737946999085467
1279 744 0.04978691900673351
1280 744 0.04978691900673351
1280 1279 0.04978691900673351
1281 744 0.04978691900673351
1281 1279 0.04978691900673351
1281 1280 0.04978691900673351
1282 1145 0.04978691900673351
1282 219 0.04978691900673351
1283 1282 0.04978691900673351
1283 1145 0.04978691900673351
1283 219 0.04978691900673351
1287 1286 0.01831563888873418
1288 1286 0.01831563888873418
1288 1287 0.01831563888873418
1289 1286 0.01831563888873418
1289 1287 0.01831563888873418
1289 1288 0.01831563888873418
1290 1286 0.01831563888873418
1290 1287 0.01831563888873418
1290 1288 0.01831563888873418
1290 1289 0.01831563888873418
1293 1292 0.1353352832366127
1294 1292 0.1353352832366127
1294 1293 0.1353352832366127
1295 375 0.01831563888873418
1295 376 0.01831563888873418
1295 33 0.01831563888873418
1295 377 0.01831563888873418
1299 1298 0.36787944117144233
1303 1018 0.1353352832366127
1304 1018 0.1353352832366127
1304 1303 0.1353352832366127
1305 1018 0.36787944117144233
1306 1018 0.006737946999085467
1306 1017 0.006737946999085467
1307 1018 0.006737946999085467
1307 1306 0.006737946999085467
1307 1017 0.006737946999085467
1308 1018 0.006737946999085467
1308 1306 0.006737946999085467
1308 1307 0.006737946999085467
1308 1017 0.006737946999085467
1309 1018 0.006737946999085467
1309 1306 0.006737946999085467
1309 1307 0.006737946999085467
1309 1308 0.006737946999085467
1309 1017 0.006737946999085467
1311 1310 0.36787944117144233
1313 1312 0.01831563888873418
1314 1312 0.01831563888873418
1314 1313 0.01831563888873418
1315 1312 0.01831563888873418
1315 1313 0.01831563888873418
1315 1314 0.01831563888873418
1315 53 0.01831563888873418
1316 1312 0.01831563888873418
1316 1313 0.01831563888873418
1316 1314 0.01831563888873418
1316 1315 0.01831563888873418
1318 900 0.36787944117144233
1321 1320 0.36787944117144233
1322 524 0.36787944117144233
1324 1323 0.1353352832366127
1325 1323 0.1353352832366127
1325 1324 0.1353352832366127
1327 1326 0.36787944117144233
1329 1328 0.36787944117144233
1332 1331 0.1353352832366127
1333 1331 0.1353352832366127
1333 1332 0.1353352832366127
1336 1335 0.04978691900673351
1337 1335 0.04978691900673351
1337 1336 0.04978691900673351
1338 1335 0.04978691900673351
1338 1336 0.04978691900673351
1338 1337 0.04978691900673351
1339 882 0.36787944117144233
1341 517 0.36787944117144233
1342 281 0.04978691900673351
1342 150 0.04978691900673351
1342 1178 0.04978691900673351
1343 281 0.1353352832366127
1344 281 0.1353352832366127
1344 1343 0.1353352832366127
1345 1225 0.36787944117144233
1346 721 0.36787944117144233
1347 377 0.1353352832366127
1348 1347 0.1353352832366127
1348 377 0.1353352832366127
1349 362 0.01831563888873418
1350 1349 0.01831563888873418
1350 362 0.01831563888873418
1351 1349 0.01831563888873418
1351 1350 0.01831563888873418
1351 362 0.01831563888873418
1352 1349 0.01831563888873418
1352 1350 0.01831563888873418
1352 1351 0.01831563888873418
1352 362 0.01831563888873418
1355 1354 0.36787944117144233
1356 523 0.04978691900673351
1356 746 0.04978691900673351
1356 742 0.04978691900673351
1356 931 0.36787944117144233
1357 1356 0.36787944117144233
1357 1107 0.04978691900673351
1358 1356 0.36787944117144233
1358 1357 0.6514386586903687
1358 1107 0.04978691900673351
1359 1356 0.36787944117144233
1361 46 0.47236566705234445
1361 428 0.04978691900673351
1362 46 0.04978691900673351
1362 1361 0.04978691900673351
1362 428 0.04978691900673351
1363 46 0.36787944117144233
1364 1286 0.01831563888873418
1365 1364 0.01831563888873418
1365 1286 0.01831563888873418
1366 1364 0.01831563888873418
1366 1365 0.01831563888873418
1366 1286 0.01831563888873418
1367 1364 0.01831563888873418
1367 1365 0.01831563888873418
1367 1366 0.01831563888873418
1367 1286 0.01831563888873418
1368 932 0.006737946999085467
1368 293 0.006737946999085467
1368 294 0.006737946999085467
1368 931 0.006737946999085467
1369 932 0.006737946999085467
1369 1368 0.006737946999085467
1369 293 0.006737946999085467
1369 294 0.006737946999085467
1369 931 0.006737946999085467
1371 1370 0.36787944117144233
1373 1372 0.36787944117144233
1375 1374 0.1353352832366127
1376 1374 0.1353352832366127
1376 1375 0.1353352832366127
1377 1294 0.1353352832366127
1378 1377 0.1353352832366127
1378 1294 0.1353352832366127
1381 522 0.1353352832366127
1381 76 0.1353352832366127
1384 194 0.1353352832366127
1385 1384 0.1353352832366127
1385 194 0.1353352832366127
1387 1386 0.36787944117144233
1389 329 0.513417119032592
1389 547 0.1353352832366127
1391 1390 0.1353352832366127
1392 1390 0.1353352832366127
1392 1391 0.1353352832366127
1394 1145 0.0009118755823967154
1394 219 0.0009118755823967154
1394 343 0.0009118755823967154
1394 697 0.0009118755823967154
1395 1394 0.0009118755823967154
1395 1145 0.0009118755823967154
1395 219 0.0009118755823967154
1395 343 0.0009118755823967154
1395 697 0.0009118755823967154
1396 1394 0.0009118755823967154
1396 1145 0.0009118755823967154
1396 1395 0.0009118755823967154
1396 219 0.0009118755823967154
1396 343 0.0009118755823967154
1396 697 0.0009118755823967154
1397 1394 0.0009118755823967154
1397 1145 0.0009118755823967154
1397 1395 0.0009118755823967154
1397 219 0.0009118755823967154
1397 343 0.0009118755823967154
1397 1396 0.0009118755823967154
1397 697 0.0009118755823967154
1398 314 0.36787944117144233
1400 1399 0.01831563888873418
1401 1399 0.01831563888873418
1401 1400 0.01831563888873418
1402 1399 0.01831563888873418
1402 1400 0.01831563888873418
1402 1401 0.01831563888873418
1403 1399 0.01831563888873418
1403 1400 0.01831563888873418
1403 1401 0.01831563888873418
1403 1402 0.01831563888873418
1404 327 0.0024787819218114594
1404 416 0.0024787819218114594
1405 1404 0.0024787819218114594
1405 327 0.0024787819218114594
1405 416 0.0024787819218114594
1406 1404 0.0024787819218114594
1406 1405 0.0024787819218114594
1406 327 0.0024787819218114594
1406 416 0.0024787819218114594
1407 1404 0.0024787819218114594
1407 1405 0.0024787819218114594
1407 327 0.0024787819218114594
1407 1406 0.0024787819218114594
1407 416 0.0024787819218114594
1408 1404 0.0024787819218114594
1408 1405 0.0024787819218114594
1408 327 0.0024787819218114594
1408 1406 0.0024787819218114594
1408 416 0.0024787819218114594
1408 1407 0.0024787819218114594
1409 496 0.1353352832366127
1410 1409 0.1353352832366127
1410 496 0.1353352832366127
1411 1357 0.04978691900673351
1411 1107 0.04978691900673351
1411 1358 0.04978691900673351
1412 1060 0.36787944117144233
1413 186 0.01831563888873418
1413 1162 0.01831563888873418
1414 186 0.01831563888873418
1414 1413 0.01831563888873418
1414 1162 0.01831563888873418
1415 186 0.01831563888873418
1415 1413 0.01831563888873418
1415 1162 0.01831563888873418
1415 1414 0.01831563888873418
1416 303 0.04978691900673351
1416 1026 0.04978691900673351
1417 1416 0.04978691900673351
1417 303 0.04978691900673351
1417 1026 0.04978691900673351
1418 930 0.36787944117144233
1419 1336 0.36787944117144233
1421 1420 0.04978691900673351
1422 1420 0.04978691900673351
1422 1421 0.04978691900673351
1423 1420 0.04978691900673351
1423 1421 0.04978691900673351
1423 1422 0.04978691900673351
1424 9 0.1353352832366127
1425 1424 0.1353352832366127
1425 9 0.513417119032592
1427 1426 0.1353352832366127
1428 1426 0.1353352832366127
1428 1427 0.1353352832366127
1429 645 5.602839018934963e-09
1430 1429 0.0749519151743962
1430 645 5.602839018934963e-09
1431 1429 0.0749519151743962
1431 645 5.602839018934963e-09
1431 1430 0.0749519151743962
1432 1429 5.602839018934963e-09
1432 645 5.602839018934963e-09
1432 1430 5.602839018934963e-09
1432 1431 5.602839018934963e-09
1433 1429 5.602839018934963e-09
1433 645 5.602839018934963e-09
1433 1430 5.602839018934963e-09
1433 1431 5.602839018934963e-09
1433 1432 5.602839018934963e-09
1434 1429 5.602839018934963e-09
1434 645 5.602839018934963e-09
1434 1430 5.602839018934963e-09
1434 1431 5.602839018934963e-09
1434 1432 5.602839018934963e-09
1434 1433 5.602839018934963e-09
1435 1429 5.602839018934963e-09
1435 645 5.602839018934963e-09
1435 1430 5.602839018934963e-09
1435 1431 5.602839018934963e-09
1435 1432 5.602839018934963e-09
1435 1433 5.602839018934963e-09
1435 1434 5.602839018934963e-09
1436 1429 5.602839018934963e-09
1436 645 5.602839018934963e-09
1436 1430 5.602839018934963e-09
1436 1431 5.602839018934963e-09
1436 1432 5.602839018934963e-09
1436 1433 5.602839018934963e-09
1436 1434 5.602839018934963e-09
1436 1435 5.602839018934963e-09
1437 1429 5.602839018934963e-09
1437 645 5.602839018934963e-09
1437 1430 5.602839018934963e-09
1437 1431 5.602839018934963e-09
1437 1432 5.602839018934963e-09
1437 1433 5.602839018934963e-09
1437 1434 5.602839018934963e-09
1437 1435 5.602839018934963e-09
1437 1436 5.602839018934963e-09
1438 1429 5.602839018934963e-09
1438 645 5.602839018934963e-09
1438 1430 5.602839018934963e-09
1438 1431 5.602839018934963e-09
1438 1432 5.602839018934963e-09
1438 1433 5.602839018934963e-09
1438 1434 5.602839018934963e-09
1438 1435 5.602839018934963e-09
1438 1436 5.602839018934963e-09
1438 1437 5.602839018934963e-09
1439 1429 5.602839018934963e-09
1439 645 5.602839018934963e-09
1439 1430 5.602839018934963e-09
1439 1431 5.602839018934963e-09
1439 1432 5.602839018934963e-09
1439 1433 5.602839018934963e-09
1439 1434 5.602839018934963e-09
1439 1435 5.602839018934963e-09
1439 1436 5.602839018934963e-09
1439 1437 5.602839018934963e-09
1439 1438 5.602839018934963e-09
1440 1429 5.602839018934963e-09
1440 645 5.602839018934963e-09
1440 1430 5.602839018934963e-09
1440 1431 5.602839018934963e-09
1440 1432 5.602839018934963e-09
1440 1433 5.602839018934963e-09
1440 1434 5.602839018934963e-09
1440 1435 5.602839018934963e-09
1440 1436 5.602839018934963e-09
1440 1437 5.602839018934963e-09
1440 1438 5.602839018934963e-09
1440 1439 5.602839018934963e-09
1441 1429 5.602839018934963e-09
1441 645 5.602839018934963e-09
1441 1430 5.602839018934963e-09
1441 1431 5.602839018934963e-09
1441 1432 5.602839018934963e-09
1441 1433 5.602839018934963e-09
1441 1434 5.602839018934963e-09
1441 1435 5.602839018934963e-09
1441 1436 5.602839018934963e-09
1441 1437 5.602839018934963e-09
1441 1438 5.602839018934963e-09
1441 1439 5.602839018934963e-09
1441 1440 5.602839018934963e-09
1442 1429 5.602839018934963e-09
1442 645 5.602839018934963e-09
1442 1430 5.602839018934963e-09
1442 1431 5.602839018934963e-09
1442 1432 5.602839018934963e-09
1442 1433 5.602839018934963e-09
1442 1434 5.602839018934963e-09
1442 1435 5.602839018934963e-09
1442 1436 5.602839018934963e-09
1442 1437 5.602839018934963e-09
1442 1438 5.602839018934963e-09
1442 1439 5.602839018934963e-09
1442 1440 5.602839018934963e-09
1442 1441 5.602839018934963e-09
1443 1429 5.602839018934963e-09
1443 645 5.602839018934963e-09
1443 1430 5.602839018934963e-09
1443 1431 5.602839018934963e-09
1443 1432 5.602839018934963e-09
1443 1433 5.602839018934963e-09
1443 1434 5.602839018934963e-09
1443 1435 5.602839018934963e-09
1443 1436 5.602839018934963e-09
1443 1437 5.602839018934963e-09
1443 1438 5.602839018934963e-09
1443 1439 5.602839018934963e-09
1443 1440 5.602839018934963e-09
1443 1441 5.602839018934963e-09
1443 1442 5.602839018934963e-09
1444 1429 5.602839018934963e-09
1444 645 5.602839018934963e-09
1444 1430 5.602839018934963e-09
1444 1431 5.602839018934963e-09
1444 1432 5.602839018934963e-09
1444 1433 5.602839018934963e-09
1444 1434 5.602839018934963e-09
1444 1435 5.602839018934963e-09
1444 1436 5.602839018934963e-09
1444 1437 5.602839018934963e-09
1444 1438 5.602839018934963e-09
1444 1439 5.602839018934963e-09
1444 1440 5.602839018934963e-09
1444 1441 5.602839018934963e-09
1444 1442 5.602839018934963e-09
1444 1443 5.602839018934963e-09
1445 1429 5.602839018934963e-09
1445 645 5.602839018934963e-09
1445 1430 5.602839018934963e-09
1445 1431 5.602839018934963e-09
1445 1432 5.602839018934963e-09
1445 1433 5.602839018934963e-09
1445 1434 5.602839018934963e-09
1445 1435 5.602839018934963e-09
1445 1436 5.602839018934963e-09
1445 1437 5.602839018934963e-09
1445 1438 5.602839018934963e-09
1445 1439 5.602839018934963e-09
1445 1440 5.602839018934963e-09
1445 1441 5.602839018934963e-09
1445 1442 5.602839018934963e-09
1445 1443 5.602839018934963e-09
1445 1444 5.602839018934963e-09
1446 1429 5.602839018934963e-09
1446 645 5.602839018934963e-09
1446 1430 5.602839018934963e-09
1446 1431 5.602839018934963e-09
1446 1432 5.602839018934963e-09
1446 1433 5.602839018934963e-09
1446 1434 5.602839018934963e-09
1446 1435 5.602839018934963e-09
1446 1436 5.602839018934963e-09
1446 1437 5.602839018934963e-09
1446 1438 5.602839018934963e-09
1446 1439 5.602839018934963e-09
1446 1440 5.602839018934963e-09
1446 1441 5.602839018934963e-09
1446 1442 5.602839018934963e-09
1446 1443 5.602839018934963e-09
1446 1444 5.602839018934963e-09
1446 1445 5.602839018934963e-09
1447 1429 5.602839018934963e-09
1447 645 5.602839018934963e-09
1447 1430 5.602839018934963e-09
1447 1431 5.602839018934963e-09
1447 1432 5.602839018934963e-09
1447 1433 5.602839018934963e-09
1447 1434 5.602839018934963e-09
1447 1435 5.602839018934963e-09
1447 1436 5.602839018934963e-09
1447 1437 5.602839018934963e-09
1447 1438 5.602839018934963e-09
1447 1439 5.602839018934963e-09
1447 1440 5.602839018934963e-09
1447 1441 5.602839018934963e-09
1447 1442 5.602839018934963e-09
1447 1443 5.602839018934963e-09
1447 1444 5.602839018934963e-09
1447 1445 5.602839018934963e-09
1447 1446 5.602839018934963e-09
1448 1429 0.04978691900673351
1448 1430 0.04978691900673351
1448 1431 0.04978691900673351
1450 1449 0.36787944117144233
1451 283 0.1353352832366127
1451 281 0.1353352832366127
1452 216 0.36787944117144233
1453 1360 0.36787944117144233
1454 721 0.36787944117144233
1455 482 0.36787944117144233
1457 1456 0.04978691900673351
1458 1456 0.04978691900673351
1458 1457 0.04978691900673351
1459 1456 0.04978691900673351
1459 1457 0.04978691900673351
1459 1458 0.04978691900673351
1460 517 0.04978691900673351
1460 127 0.04978691900673351
1460 151 0.04978691900673351
1461 55 0.1353352832366127
1461 56 0.1353352832366127
1464 860 0.006737946999085467
1464 294 0.006737946999085467
1465 1464 0.006737946999085467
1465 860 0.006737946999085467
1465 294 0.006737946999085467
1466 1464 0.006737946999085467
1466 1465 0.006737946999085467
1466 860 0.006737946999085467
1466 294 0.006737946999085467
1467 1464 0.006737946999085467
1467 1465 0.006737946999085467
1467 860 0.006737946999085467
1467 1466 0.006737946999085467
1467 294 0.006737946999085467
1468 53 0.01831563888873418
1468 1315 0.01831563888873418
1469 53 0.01831563888873418
1469 1468 0.01831563888873418
1469 1315 0.01831563888873418
1470 53 0.01831563888873418
1470 1468 0.01831563888873418
1470 1315 0.01831563888873418
1470 1469 0.01831563888873418
1472 1471 0.1353352832366127
1473 1471 0.1353352832366127
1473 1472 0.1353352832366127
1475 1474 0.1353352832366127
1476 1474 0.1353352832366127
1476 1475 0.1353352832366127
1477 207 0.1353352832366127
1478 1477 0.1353352832366127
1478 207 0.1353352832366127
1480 1479 0.36787944117144233
1481 96 0.1353352832366127
1482 1481 0.1353352832366127
1482 96 0.1353352832366127
1484 1483 0.1353352832366127
1485 1483 0.1353352832366127
1485 1484 0.1353352832366127
1487 1486 0.36787944117144233
1488 1142 0.1353352832366127
1489 1488 0.1353352832366127
1489 1142 0.1353352832366127
1492 1491 0.36787944117144233
1493 1491 0.01831563888873418
1494 1493 0.36787944117144233
1496 1495 0.36787944117144233
1497 300 0.36787944117144233
1498 82 0.36787944117144233
1500 239 0.01831563888873418
1501 1500 0.01831563888873418
1501 239 0.01831563888873418
1502 1500 0.01831563888873418
1502 1501 0.01831563888873418
1502 239 0.01831563888873418
1503 1500 0.01831563888873418
1503 1501 0.01831563888873418
1503 239 0.01831563888873418
1503 1502 0.01831563888873418
1504 1000 0.1353352832366127
1505 1504 0.006737946999085467
1506 1504 0.006737946999085467
1506 1505 0.006737946999085467
1507 1504 0.006737946999085467
1507 1505 0.006737946999085467
1507 1506 0.006737946999085467
1508 1504 0.006737946999085467
1508 1505 0.006737946999085467
1508 1506 0.006737946999085467
1508 1507 0.006737946999085467
1509 1504 0.006737946999085467
1509 1505 0.006737946999085467
1509 1506 0.006737946999085467
1509 1507 0.006737946999085467
1509 1508 0.006737946999085467
1512 1511 0.1353352832366127
1513 1511 0.1353352832366127
1513 1512 0.1353352832366127
1514 1000 0.1353352832366127
1514 1504 0.1353352832366127
1515 1120 0.04978691900673351
1516 1120 0.04978691900673351
1516 1515 0.04978691900673351
1517 1120 0.04978691900673351
1517 1515 0.04978691900673351
1517 1516 0.04978691900673351
1518 243 0.01831563888873418
1518 927 0.01831563888873418
1519 1518 0.01831563888873418
1519 243 0.01831563888873418
1519 927 0.01831563888873418
1520 1518 0.01831563888873418
1520 1519 0.01831563888873418
1520 243 0.01831563888873418
1520 927 0.01831563888873418
1523 1522 0.36787944117144233
1526 1525 0.36787944117144233
1529 54 0.1353352832366127
1529 33 0.1353352832366127
1531 1530 0.36787944117144233
1532 9 0.36787944117144233
1533 532 0.006737946999085467
1533 531 0.006737946999085467
1533 530 0.006737946999085467
1534 532 0.006737946999085467
1534 1533 0.006737946999085467
1534 531 0.006737946999085467
1534 530 0.006737946999085467
1535 532 0.006737946999085467
1535 1533 0.006737946999085467
1535 1534 0.006737946999085467
1535 531 0.006737946999085467
1535 530 0.006737946999085467
1536 843 0.36787944117144233
1538 1537 0.1353352832366127
1539 1537 0.1353352832366127
1539 1538 0.1353352832366127
1540 1493 0.01831563888873418
1540 1491 0.01831563888873418
1541 1540 0.01831563888873418
1541 1493 0.01831563888873418
1541 1491 0.01831563888873418
1542 1540 0.01831563888873418
1542 1541 0.01831563888873418
1542 1493 0.01831563888873418
1542 1491 0.01831563888873418
1544 1543 0.36787944117144233
1546 1545 0.04978691900673351
1547 1545 0.04978691900673351
1547 1546 0.04978691900673351
1548 1545 0.04978691900673351
1548 1546 0.04978691900673351
1548 1547 0.04978691900673351
1549 308 0.36787944117144233
1550 34 0.30119406733895726
1550 33 0.47236566705234445
1550 54 0.1353352832366127
1551 1550 0.04978691900673351
1551 34 0.04978691900673351
1551 33 0.04978691900673351
1553 294 0.04978691900673351
1554 294 0.04978691900673351
1554 1553 0.04978691900673351
1555 294 0.04978691900673351
1555 1553 0.04978691900673351
1555 1554 0.04978691900673351
1556 676 0.04978691900673351
1557 1556 0.04978691900673351
1557 676 0.04978691900673351
1558 1556 0.04978691900673351
1558 676 0.04978691900673351
1558 1557 0.04978691900673351
1560 1145 0.04978691900673351
1560 219 0.04978691900673351
1561 1560 0.04978691900673351
1561 1145 0.04978691900673351
1561 219 0.04978691900673351
1562 63 0.0009118755823967154
1562 62 0.0009118755823967154
1563 1562 0.0009118755823967154
1563 63 0.0009118755823967154
1563 62 0.0009118755823967154
1564 1562 0.0009118755823967154
1564 1563 0.0009118755823967154
1564 63 0.0009118755823967154
1564 62 0.0009118755823967154
1565 1562 0.0009118755823967154
1565 1563 0.0009118755823967154
1565 1564 0.0009118755823967154
1565 63 0.0009118755823967154
1565 62 0.0009118755823967154
1566 1562 0.0009118755823967154
1566 1563 0.0009118755823967154
1566 1564 0.0009118755823967154
1566 1565 0.0009118755823967154
1566 63 0.0009118755823967154
1566 62 0.0009118755823967154
1567 1562 0.0009118755823967154
1567 1563 0.0009118755823967154
1567 1564 0.0009118755823967154
1567 1565 0.0009118755823967154
1567 1566 0.0009118755823967154
1567 63 0.0009118755823967154
1567 62 0.0009118755823967154
1569 1568 0.36787944117144233
1570 337 0.006737946999085467
1570 631 0.006737946999085467
1571 337 0.006737946999085467
1571 631 0.006737946999085467
1571 1570 0.006737946999085467
1572 337 0.006737946999085467
1572 631 0.006737946999085467
1572 1570 0.006737946999085467
1572 1571 0.006737946999085467
1573 337 0.006737946999085467
1573 631 0.006737946999085467
1573 1570 0.006737946999085467
1573 1571 0.006737946999085467
1573 1572 0.006737946999085467
1574 631 0.1353352832366127
1574 783 0.1353352832366127
1576 1575 0.04978691900673351
1577 1575 0.04978691900673351
1577 1576 0.04978691900673351
1578 1575 0.04978691900673351
1578 1576 0.04978691900673351
1578 1577 0.04978691900673351
1579 631 0.1353352832366127
1579 630 0.1353352832366127
1581 1580 0.36787944117144233
1584 1583 0.36787944117144233
1586 1585 0.36787944117144233
1587 1585 0.36787944117144233
1588 522 0.1353352832366127
1588 76 0.1353352832366127
